0.0, 0.0
0.0911856, 0.0
0.20350968, 0.0
0.30878760000000005, 0.0
0.41406552, 0.0
0.5261823600000001, 0.0
0.63146028, 0.0
0.74378436, 0.0
0.8490622800000001, 0.0
0.9472940400000001, 0.0
1.05961812, 0.0
1.1648960400000001, 0.0
1.2770128800000002, 0.0
1.3822908, 0.0
1.49461488, 0.0
1.5998928000000001, 0.0
1.7051707200000001, 0.0
1.8174948000000002, 0.0
1.92256548, 0.0
2.03488956, 0.0
2.064131274552514, 0.0024925482774029967
2.0867078722156687, 0.010581648195471614
2.107810617255638, 0.02475706780371631
2.1238291589072937, 0.0426048271698109
2.133889455044415, 0.06068073593304164
2.141079231991004, 0.0868799879122908
2.1534421460283077, 0.19299438317771428
2.1655917713142085, 0.29746456429896695
2.178580745878105, 0.4090351018421718
2.1907624426933383, 0.5136058754944127
2.202944139508572, 0.6181766491466543
2.2104597582724628, 0.6629016409579838
2.221624104614837, 0.6995557319854384
2.2599783179977164, 0.8003750864025468
2.2770355121806847, 0.8395934009075041
2.298031965111409, 0.8746951376482041
2.3216159593363956, 0.9048936895126243
2.3487114639999596, 0.9321318360096402
2.429801133464119, 1.0032658975218764
2.4631546564196203, 1.0298695097293304
2.4982361395330206, 1.051100015828589
2.533214544197836, 1.0667415122142285
2.5723289469640904, 1.0787017151441431
2.6705113049703417, 1.1011620138363758
2.712703342022665, 1.1087601730475394
2.753659428553519, 1.1107689000126237
2.791868998989314, 1.10790649681496
2.831866131739972, 1.0998586768605738
2.868308985450328, 1.0876932276268383
2.8921857749893016, 1.0805861140861515
2.997809126587586, 1.06456067841646
3.1017953350487444, 1.0487967769968358
3.212851369761226, 1.0319665971795302
3.2421367015302605, 1.03005328441536
3.2656702664942405, 1.0346679566949644
3.288657399435304, 1.045524268625977
3.3071695235753165, 1.0607700137550706
3.322284415918176, 1.0813376752214268
3.3313056810084554, 1.1035581300914918
3.3348012565306653, 1.1287384600270585
3.332196791970369, 1.152475014565135
3.323996583613639, 1.1750113619372506
3.3097146555987873, 1.1960417554601568
3.286251746836024, 1.2252701314709917
3.265581212420203, 1.2605505386523541
3.251319196128609, 1.2961030014854775
3.2415969524910553, 1.3190400820823844
3.2261112983124405, 1.339330135769396
3.2073280270497633, 1.3542405031821614
3.184149034361741, 1.3646808814047064
3.1606389478542987, 1.3688623352305183
3.1350784670826255, 1.3670164690194246
3.03761042702393, 1.345633696070127
2.934781584436116, 1.323057892777113
2.825173173923913, 1.2989866355995476
2.7154626711560548, 1.2748971864060783
2.612632070152563, 1.252329399848813
2.5030219012246824, 1.2282661594069935
2.400193058636871, 1.2056903561139805
2.2974663083047164, 1.183132744836871
2.1877540471211803, 1.1590513123791484
2.0849234461176898, 1.1364835258218826
1.975212943349832, 1.1123940766284126
1.8724861930176795, 1.089836465351303
1.7628760240898027, 1.0657732249094838
1.734847668932975, 1.0570704740792123
1.7145245670214593, 1.0443383169571858
1.6968867532102518, 1.025888388167167
1.6851179774628495, 1.005110769725818
1.678370647936034, 0.9804942403381917
1.666042838331253, 0.8813682728225224
1.652202141812245, 0.7700046190181095
1.6392179546043761, 0.6655304679535277
1.6253772580853694, 0.5541668141491193
1.6124012154970218, 0.44969165053795446
1.599425172908674, 0.345216486926789
1.5915622324604732, 0.3005516297115046
1.5797381541619797, 0.26411545294208666
1.5615053203364773, 0.2275156980714798
1.5394739201742618, 0.19605262347889038
1.5113959857176154, 0.16646948793430516
1.4358746262146584, 0.09951766311342039
1.4005304350017769, 0.07126481096943965
1.3676855838070676, 0.05133250181780688
1.2718909489166317, 0.0017444273720161798
1.233125629224163, -0.016072687415589235
1.1964881057369723, -0.02763917642939948
1.1562616863849924, -0.035041944018359576
1.0560502567302692, -0.04612292080125237
1.0107785123180686, -0.04881927686292648
0.9725548398346138, -0.046153694993984765
0.9348221748476493, -0.03891947569085234
0.8306043905126529, -0.011498705889229507
0.7873872548325508, 0.002251733615799549
0.7525812391515281, 0.01851890681043907
0.7200566336263681, 0.03877474222884201
0.6882714459495877, 0.06451727930436792
0.6617030268620152, 0.09212658157750694
0.6385607884768421, 0.12279445918077891
0.5796217066078133, 0.2130132434557802
0.522047188895192, 0.30115297724499224
0.4606816638063381, 0.39510882542746806
0.43934175281057275, 0.4321577115648512
0.4253569360975893, 0.4679311254237294
0.4162624783388458, 0.5079027118506529
0.41298458628422, 0.5460786557964076
0.4145375566641987, 0.5868478364609652
0.4207282297217235, 0.6247656693160474
0.4322512438557646, 0.6640109942682435
0.4385709434799102, 0.6881081795219868
0.4388958377929934, 0.7119850876873666
0.4258927019744147, 0.8180229195656004
0.41306061836864977, 0.9225158618557264
0.39939834802818164, 1.0339015478396234
0.3865907026771802, 1.138397492196316
0.37291987146280486, 1.24988652463417
0.3600959339419609, 1.3543804676131528
0.347271996421117, 1.458874410592133
0.33360972608064887, 1.570260096576029
0.32081064160355466, 1.6746526944787627
0.31757230117061186, 1.719992730598196
0.3197787423338096, 1.7582455165290727
0.3271549116694552, 1.7984769838262955
0.3523978249079081, 1.8959810133442998
0.3787922201029025, 1.9978965486753615
0.392397858889348, 2.0412678942904234
0.4088375413197669, 2.0758675164275084
0.431653602754831, 2.109799973873516
0.45749762527698073, 2.138075124633076
0.48720794021607844, 2.1624187512775643
0.5222344424579918, 2.183315556121803
0.5577678575155491, 2.19789957199077
0.5974791851146438, 2.20764598494312
0.6356972854001477, 2.2115800284100446
0.736355234377526, 2.215074919067489
0.8485084492711357, 2.218958920373795
0.9537229407425563, 2.2226126157258537
1.0659795726880628, 2.226504278068979
1.1711943461189327, 2.2301497709472287
1.2833475610125422, 2.234033772253534
1.3885623344434121, 2.237679265131784
1.5007155493370217, 2.24156326643809
1.6059303227678916, 2.2452087593163395
1.7181869547133972, 2.2491004216594654
1.8234017281442663, 2.252745914537715
1.852537061341956, 2.2562667597293933
1.9552764954625128, 2.2851732570440446
2.05661278225102, 2.3137108592942632
2.1647284559167237, 2.3441689872628784
2.2660647427052307, 2.372706589513096
2.367304619159843, 2.4012042725225635
2.4754291856730064, 2.4316307986161108
2.5766646157038915, 2.4601442825631126
2.684780289369596, 2.4906024105317277
2.7861187993699663, 2.5191321123131787
2.8874573093703355, 2.54766181409463
2.995481019125876, 2.5780642218849614
3.0229525881471324, 2.588388899673822
3.043628624981538, 2.6033551994689983
3.0720011819562094, 2.6275280261645286
3.0906886233113657, 2.6441577670232106
3.1048899346126655, 2.665242677694066
3.1130011566479903, 2.687811583007175
3.115471096610056, 2.7132159083740475
3.1108188920594744, 2.812893382928156
3.1055709798267586, 2.925094788432806
3.100655548052885, 3.030154150656315
3.0957311985377274, 3.1353168291515248
3.090475087865247, 3.2475178529977478
3.0852278949340524, 3.359615560572267
3.081373454815263, 3.388709005340301
3.0722879553401654, 3.410792165622002
3.0570862467685216, 3.4312958247193053
3.038512281080309, 3.4464661668888508
3.0154808035093956, 3.4572280869506433
2.9919277973792564, 3.4617433866254506
2.9664474522520545, 3.4602462080023715
2.8686000192160668, 3.4401511316942552
2.7586772955863417, 3.4175585417713448
2.655656716233054, 3.396383264493142
2.5525305605733495, 3.375206946154571
2.442505519984972, 3.352597473753178
2.3393826236730306, 3.331405313996493
2.229357583084654, 3.3087958415950998
2.1263370037313667, 3.2876205643168968
2.0164126504277613, 3.265035895103043
1.9132897541158196, 3.2438437353463585
1.803264713527443, 3.2212342629449657
1.7001418172155014, 3.2000421031882813
1.5901167766271256, 3.177432630786889
1.4870945675999547, 3.156265274217742
1.45905130040869, 3.1479677445855567
1.4372616170839438, 3.1344786712313297
1.4206661809611594, 3.1173089344376876
1.4086148262164093, 3.0966935252999748
1.4015286701011989, 3.072172661900235
1.3878651141982945, 2.9732219624896894
1.3725237583517194, 2.8619504876693593
1.3581372667371234, 2.757660175086887
1.3437790949879103, 2.6535751583953244
1.328429727950291, 2.5423047855218996
1.3140512475267405, 2.438013370992524
1.3051409867296095, 2.393560415531229
1.2918716785078777, 2.3575154770422175
1.2722145460744143, 2.321660597061506
1.2606158181052494, 2.299728950680552
1.2444306364521733, 2.263192363350421
1.2239727148951767, 2.2308063509290044
1.1990191495662497, 2.2016063848969756
1.1823935009392736, 2.181029689378881
1.1614305507363971, 2.150209377376576
1.1336834931361621, 2.12003426050953
1.1037771937385885, 2.0959318644884513
1.0708145065011647, 2.076416683273344
0.9739365105453861, 2.0292160815894347
0.9345570624856093, 2.012270551849974
0.8977492177170097, 2.0016245573329776
0.8573541830960459, 1.9952043910314834
0.7570068796497984, 1.9865639584626298
0.7115798579865665, 1.9849631025875376
0.673432005126995, 1.9885555885724469
0.6334961131517858, 1.9973933692267798
0.5973923352498806, 2.010225534524042
0.5629874166613044, 2.0273247975451008
0.5289727715298808, 2.049853359796265
0.4998077950044353, 2.07486322137581
0.4738448000278137, 2.1031828981035336
0.4065535089266278, 2.187356086120866
0.3408292996798674, 2.269598203139599
0.2707831024717791, 2.3572735094339388
0.2050717149878141, 2.4395258754872478
0.1785918141990872, 2.476344529539181
0.16035948674505202, 2.510162899148626
0.1455859072367248, 2.5481928040528303
0.13619796644376422, 2.585447991700621
0.11824818203850357, 2.684659518309333
0.11244530882835095, 2.7296389138366566
0.10729103807493556, 2.830225539396355
0.10285308892503965, 2.8608947955853097
0.09331088221974725, 2.882784873935327
0.07597672034435504, 2.9158996925205236
0.06249692534503068, 2.9545037136773624
0.055346582637906094, 2.992242072019066
0.05376338797625313, 3.032997706431061
0.057969251521996314, 3.07117637018012
0.0684223834292658, 3.1107073144085997
0.08358304443862524, 3.1458859409219166
0.09342141171026595, 3.17055334017625
0.09647472240484979, 3.1941330725387664
0.09383086938210924, 3.217969121501092
0.08486998918625434, 3.2418687356506437
0.07119712169580109, 3.2615712590152883
0.052022336092476563, 3.2782624359258636
0.030626537554703393, 3.2890949649515853
0.007267038545613669, 3.2945231642734085
-0.018149817132514456, 3.2940363827368317
-0.04128229760429036, 3.2877090957124717
-0.06349447461919507, 3.2751353448587284
-0.11486099770784361, 3.2297536430833413
-0.13269347014110147, 3.207243500539231
-0.14223176306243202, 3.185240021076975
-0.14625135213547488, 3.16170128401102
-0.15035251224002766, 3.121951216763608
-0.15979459544696542, 3.084826823269202
-0.17562488110560662, 3.04712570755152
-0.19551729569052445, 3.0143892387761966
-0.22175864644328144, 2.9828958325356085
-0.23736005885307374, 2.9636062709344864
-0.25863994561892545, 2.9328778282811037
-0.28664663288208886, 2.9029433743052344
-0.3165877825925666, 2.8792154279787314
-0.3358858014627151, 2.8632985864752163
-0.3648804290918091, 2.835799638296474
-0.39613318277224957, 2.813828089776811
-0.4325906252274562, 2.7950590187390785
-0.4685638403619209, 2.7818652086012112
-0.5721154973687053, 2.7516552559323095
-0.6730851218869762, 2.7222143662552862
-0.7146580544468584, 2.712177023583684
-0.7554239922205027, 2.70775258225573
-0.7937358221892314, 2.708357880463513
-0.8342397747213772, 2.7140511033784467
-0.8712346253724389, 2.7240273866233817
-0.8971371378807061, 2.7298856995651364
-0.9966377393491523, 2.737427151428019
-1.101615358540366, 2.745373070844962
-1.2135158574651461, 2.7538410940798346
-1.325520607988296, 2.7623046337334825
-1.3547640863689314, 2.7620224680666845
-1.3794199336314525, 2.7550340990529008
-1.4000060408931343, 2.7431370963927315
-1.4173327191946112, 2.7265564070726502
-1.430875419729369, 2.704921153605037
-1.4481265240787489, 2.6717628982025277
-1.4720819562892282, 2.6386251438338792
-1.4988729224264359, 2.6112456933170325
-1.5315670200028944, 2.586516283181558
-1.5652051151716895, 2.568189816489478
-1.603609056038334, 2.5541504207149286
-1.6412398838029392, 2.5464541279055473
-1.6794820636177767, 2.5442339673744736
-1.720204097809475, 2.547934948400998
-1.7575237578552385, 2.5566167429718156
-1.7959118620351473, 2.5707351995036087
-1.8298602262450345, 2.588702655143597
-1.8534816385490072, 2.6003825017596918
-1.876942864418039, 2.6053525335939174
-1.9835966233755191, 2.6131135515893926
-2.088494209054924, 2.620737766744302
-2.2004195146856427, 2.628871415929804
-2.2297652382121704, 2.6285062929451914
-2.3282631174301365, 2.611890028565471
-2.4389175193153774, 2.5932076191774858
-2.5427246054638193, 2.5756711551471647
-2.5725729662573236, 2.5677321136084013
-2.5932986914603746, 2.555666964246454
-2.6115290726455305, 2.537802345850234
-2.636085538239364, 2.509623749084477
-2.6519696280817557, 2.490565800328662
-2.6629398282567944, 2.4675191724513525
-2.667618122761186, 2.443998026660572
-2.6736518141208157, 2.3443946272659546
-2.68043234646439, 2.2323792086971777
-2.686782927055599, 2.1272930083420847
-2.685778224565137, 2.096320328880096
-2.6664097555193456, 1.99843210504645
-2.6576403995416285, 1.9688173220237601
-2.645063998133999, 1.9485181199120147
-2.6279500447241975, 1.931718030006525
-2.605904450581477, 1.9188540022078
-2.582958866016656, 1.9122425015914684
-2.5574481222064, 1.9114042542221348
-2.534020219549818, 1.91652908019633
-2.51248408935084, 1.927080436232636
-2.4930966093286093, 1.943524082449447
-2.479163907178132, 1.9630437275059514
-2.4698938866141633, 1.9868252055638649
-2.4473024552576397, 2.0840202148578175
-2.4235098452613997, 2.186467978359661
-2.398104548017147, 2.2958812736204846
-2.374284570422914, 2.3984290578302176
-2.37010969937501, 2.4291351098497764
-2.373252020295718, 2.452806808098332
-2.3810974745104665, 2.491884893217525
-2.3830858917127076, 2.530243267521003
-2.379566379118228, 2.568387641549845
-2.369827595589086, 2.6081008550247153
-2.3553002038165305, 2.6435457037229546
-2.3458946955533095, 2.6683814979082037
-2.3355866362726863, 2.704309471474559
-2.3186941941186285, 2.741546826514997
-2.297883200355387, 2.7737070713106826
-2.2726103594318694, 2.8026309243726883
-2.255824052955123, 2.8229437436484552
-2.234469768896816, 2.853620515791363
-2.206391890555466, 2.883488204254624
-2.176308238759356, 2.9072022706294964
-2.1408058207150384, 2.9274888218390456
-2.1194411658527836, 2.940101491905099
-2.086537903389507, 2.9627788548851837
-2.0520705874054763, 2.979728942363638
-2.015627694001598, 2.9915310204843637
-1.9906912332436082, 3.0003626783632775
-1.9566100712529921, 3.0157102980517974
-1.9171749417521158, 3.0269046576678194
-1.879181571934163, 3.0317922333216916
-1.84077673685802, 3.031181085751481
-1.8005396481004332, 3.0245096606505726
-1.7639600511111377, 3.0131039168907097
-1.7266235361474482, 2.9961502106188074
-1.638137113440723, 2.94804210070668
-1.5394610069299401, 2.894379062709435
-1.4469763832920395, 2.8440796404126427
-1.4083721489918928, 2.8204754918804587
-1.378443542956225, 2.7963848654383177
-1.3516122082539386, 2.768886404441265
-1.2818146766690717, 2.686915515199191
-1.2555811803916017, 2.6530080985729723
-1.2360471889655609, 2.6199248040410454
-1.21975731580905, 2.5824064218594147
-1.2089603913181814, 2.5456424315219133
-1.2023616398285903, 2.505276245498929
-1.2008968497775985, 2.466884315758176
-1.2040056668116725, 2.428797780186214
-1.2201836035335552, 2.326658515199828
-1.236696851066239, 2.2226837585805495
-1.238697668919562, 2.1918629623581296
-1.2289093667044955, 2.0925582100935554
-1.2178800073131506, 1.980776945875619
-1.2075415169246215, 1.87600789035157
-1.1965121575332773, 1.7642266261336323
-1.1861798033081787, 1.6595610893306276
-1.1758413129196508, 1.5547920338065764
-1.1648180896917353, 1.4431142883096846
-1.1537887303003902, 1.3313330240917525
-1.1519823949592425, 1.288615999952113
-1.1561147109915682, 1.2504291423206988
-1.1582311870079627, 1.224162693016339
-1.158151787770941, 1.1866819732271376
-1.1640331154641284, 1.146217300568779
-1.175089719719005, 1.1095412335587576
-1.1820323544237268, 1.0840144925994997
-1.1888313362733085, 1.0472606792508377
-1.1928377429681596, 1.0226724996775793
-1.190558922602614, 0.9972502599204386
-1.1826602383477396, 0.9747153295479167
-1.168504450813975, 0.953352972596585
-1.1508294868158144, 0.93729625117284
-1.1284009611595027, 0.9253290065483989
-1.1051217481113862, 0.9195663108245543
-1.0795979072761386, 0.9197042411237482
-1.0564791270442262, 0.92568351193571
-1.035354441623006, 0.9370362191961072
-0.9791785386543778, 0.9842783218631895
-0.9617874345658236, 1.005029958487099
-0.9509813532528412, 1.0281539019904142
-0.9220881629382746, 1.1237735507410442
-0.9068334653076249, 1.1663732812123486
-0.8989787572416397, 1.1900146844453285
-0.8972087188228824, 1.2155807716764933
-0.9046266509941117, 1.3149867566115803
-0.9124743417573412, 1.419971770440229
-0.9208483511347769, 1.531983259876318
-0.9286796724061003, 1.636969490276211
-0.9370373122916301, 1.7489821962835461
-0.9448732309423957, 1.8538641800414606
-0.9532354682073669, 1.9657726394068125
-0.9610749742246434, 2.0707582615210756
-0.9689062954959655, 2.1757444919209714
-0.9772721201274469, 2.287756589642681
-0.9851198108906768, 2.3927416034713214
-0.9934702760431828, 2.5045470327659336
-1.001301597314507, 2.609533263165831
-1.0019315661292572, 2.654866159707755
-0.9965319691191081, 2.692894440189864
-0.9935130837651053, 2.7175199110312236
-0.9914392838510858, 2.757427147933178
-0.9838694746204174, 2.7950836623311344
-0.9700040331145043, 2.8334409810470578
-0.9517446175784114, 2.8672330804475745
-0.9397992022267195, 2.890836705562285
-0.9256951336727561, 2.92556228698574
-0.9064113613137414, 2.9586610717576876
-0.8808238736044532, 2.9905555180205012
-0.8655870280135897, 3.0101352897066254
-0.8433039249036163, 3.0433067745838853
-0.817460311411084, 3.0717217939240458
-0.7858551461548047, 3.09750226338363
-0.752825768062483, 3.117107678813925
-0.7149600825458662, 3.1325400485498127
-0.67773883901624, 3.1415931917076088
-0.6396047124497728, 3.1452234214775077
-0.598670703214964, 3.1430200989972352
-0.49893684276632194, 3.128970386970722
-0.38771277911159474, 3.1132889772134282
-0.2834670028126536, 3.0985832651375738
-0.1792200944425418, 3.083885560051402
-0.13479249764788742, 3.0753048890634336
-0.09832024342503541, 3.063227587242802
-0.06137766846677555, 3.045671347873558
0.026341791292542494, 2.9959680777654434
0.06435292069720562, 2.9712572928525334
0.09286425709522535, 2.945674397691904
0.11173157301284906, 2.9294067125189223
0.14373128619376932, 2.9054711564543867
0.17073133691345968, 2.8782977725622136
0.19494020012537733, 2.845344560713974
0.2131649049248655, 2.8116400710253617
0.22726405532380906, 2.7759007298815868
0.23743887768611827, 2.736391136229291
0.25550592821903695, 2.637200901444398
0.2756188430840112, 2.5266922270917727
0.29446399908852583, 2.423114725671434
0.3145623670715672, 2.3127087263709556
0.33342367155817376, 2.2091341688998427
0.3522623549217998, 2.1056608145062716
0.3723752697867758, 1.9951521401536396
0.3912123515502444, 1.8915731667586921
0.41132526641521827, 1.7810644924060657
0.4170113115258344, 1.7386767843341948
0.41732791225227567, 1.7003614425784954
0.41090525959012936, 1.5926844373454805
0.404222435671083, 1.480663153058675
0.3979614921085438, 1.3755715830897173
0.39170054854600483, 1.2704800131207665
0.38501772462695893, 1.1584587288339583
0.3787322028596691, 1.053368626022388
0.372049378940624, 0.9413473417355775
0.3657884353780836, 0.8362557717666171
0.35952749181554405, 0.7311642017976648
0.35284466789649765, 0.6191429175108544
0.34656733886412505, 0.5140523256468227
0.3415751386613698, 0.46897591461197197
0.33247043008393284, 0.4316504430264306
0.317981229767205, 0.3935113370960101
0.3000063443697671, 0.35955554363851705
0.2780961343520275, 0.32799573961189005
0.21080259828290543, 0.24382434358013308
0.18227301404561078, 0.21198039342715766
0.15061832301587638, 0.18609678567550766
0.11761004919895714, 0.16645574899298646
0.09525766807807082, 0.15230739521583214
0.06542170817119453, 0.1297935940543536
0.044860748080537256, 0.11331197715172527
0.030453027165342053, 0.09413999821296022
0.020602573611577343, 0.07059308262904318
0.01706008480350236, 0.046874180757869414
0.019587994943736694, 0.021578381503519494
0.04366434099835041, -0.07536625361630096
0.07076342457734837, -0.18437238861760255
0.09615361524546388, -0.28654272150907034
0.12319986382562956, -0.39545520523201416
0.14855315099482092, -0.4975279336664595
0.17395130741289114, -0.5996962899685939
0.20105039099189068, -0.7087024249698998
0.22644058166000516, -0.8108727578613643
0.25349479599012437, -0.919783264994977
0.26291576105932146, -0.9474690809073515
0.27728076891514325, -0.9686917992172216
0.2951111511417424, -0.9845749562854954
0.3269437897006052, -1.0087506729804654
0.35441711798789327, -1.0354598623507236
0.4217729638596147, -1.1104819385021643
0.49679097730248645, -1.194082136469793
0.5670342484027905, -1.272360571473216
0.6373497726096209, -1.3507133924074526
0.7123738949699833, -1.4343081093893295
0.782695528094303, -1.5126554493378142
0.8576412884306432, -1.5961812613746216
0.9279507037199858, -1.6745395632946167
1.0029025729738148, -1.7580598943456682
1.0732180971806464, -1.8364127152799083
1.148248328458498, -1.9200019512760305
1.175287252976866, -1.953137061742909
1.196860955532924, -1.9878868769350253
1.2129376617991894, -2.022781451169561
1.2246697482082856, -2.0591490919151894
1.2323396755155263, -2.0994308131019555
1.234807086382374, -2.13766766817258
1.2323823539985022, -2.1784978485634623
1.2254033440311918, -2.216173518714758
1.2130087622533137, -2.2552607507244704
1.1970080387662287, -2.290076429428972
1.1487997662788012, -2.3786263088398734
1.095125197323247, -2.47717816785956
1.0447714389425533, -2.5696332184249724
1.0325736097411986, -2.598008092829519
1.0292586422227081, -2.6216559952778122
1.026368285397109, -2.6615123834046956
1.0180316817548716, -2.69900655856661
1.004440952220037, -2.734821003414308
0.9844400895462571, -2.7704854298474477
0.9726165960334323, -2.7922963066294972
0.9560783746488158, -2.8286744792386624
0.9352480292708987, -2.860945443747539
0.9100744863415967, -2.889819067773142
0.8789390633240054, -2.9163251624919093
0.8602094121953217, -2.9327519612892723
0.8321438848144403, -2.96105321916219
0.8014113176862496, -2.9840929410900183
0.7654191012125867, -3.0034971641246884
0.74366875680495, -3.015643591952321
0.7124743896842428, -3.0362341754922664
0.6754304319006733, -3.0535466250714625
0.6387085045274696, -3.0644498549105785
0.5982200732134754, -3.0701643194559805
0.5598115969927494, -3.069835123284684
0.5193445387955309, -3.0638874038132453
0.4824121838734951, -3.0536815977096015
0.3873754787192248, -3.0203310260810095
0.28139353154462937, -2.9831218427437975
0.18205378849350326, -2.9482642331962228
0.1400761249951025, -2.931097839455674
0.10677043940901901, -2.912153273751041
0.07596842695289868, -2.8893629543160877
-0.006192554090962641, -2.819469022449761
-0.03751036158481201, -2.7901928499313184
-0.06348525627241747, -2.7587311295930768
-0.08409860401882308, -2.7263090941750447
-0.1356187027661528, -2.6316575036390986
-0.1543364907079345, -2.593088980101068
-0.16686423914454238, -2.5541657008334187
-0.17307408914965494, -2.516365954639357
-0.17366144192067692, -2.475480416456949
-0.16851921528448968, -2.4374164798565445
-0.15713972032760343, -2.3982495578254612
-0.1505152467208771, -2.3741273631436326
-0.14991418810973778, -2.350358711653948
-0.15553165228481178, -2.3254600170573596
-0.166395114077066, -2.3040797558835835
-0.18318773545104863, -2.2848571743347996
-0.2028293623973042, -2.2712770380577525
-0.22674076603611215, -2.262347494066165
-0.2505799723119791, -2.2597343665965037
-0.2742558125127286, -2.2628436789094777
-0.2979745025297128, -2.272273637195662
-0.3845501772327819, -2.3220991816008856
-0.48180868030322765, -2.3780832136930528
-0.573050140558082, -2.43060400280248
-0.6703168319688039, -2.4865738084616993
-0.7615541980535179, -2.5391017107875977
-0.8588963657874841, -2.595148102500842
-0.95004597303853, -2.647620758422133
-1.0412915274635266, -2.7001344343150873
-1.0816924347478087, -2.720739861536458
-1.1178791041723404, -2.733647669379875
-1.1551466191254125, -2.7420965580804424
-1.1959511075816733, -2.7461517687767545
-1.2342557421007185, -2.7452025332154375
-1.2747076315216423, -2.7391506138635795
-1.311610628039694, -2.728838801562014
-1.3492477606910032, -2.7125940106499784
-1.372266659491189, -2.7030665936617955
-1.3958792784600949, -2.6995087814374243
-1.5027006187203895, -2.697988274080718
-1.6079682616957276, -2.696517654709963
-1.6372411756731, -2.6986104409013807
-1.6612293074488917, -2.7070269299054868
-1.681219361097104, -2.720275831973518
-1.698383588818569, -2.739167032126311
-1.721247233100561, -2.7687358508758066
-1.7368017229674226, -2.79013381170221
-1.7456153891296917, -2.8123268726452877
-1.7489157074739028, -2.836080572752796
-1.7491393985624053, -2.94301610616693
-1.7493420667150352, -3.048190209406451
-1.7465379684197087, -3.078949125866001
-1.7381390566176749, -3.1014121848589964
-1.723600732961557, -3.122391647523094
-1.70560269719145, -3.13808505591453
-1.682839388624693, -3.1496316375323095
-1.6594433674939293, -3.1549000842635366
-1.6340303450587637, -3.154232633762838
-1.5356796334530938, -3.137368998056332
-1.4249730799467824, -3.1183753988845258
-1.3212113897912066, -3.1005722801977877
-1.2174496996356234, -3.0827691615110506
-1.1067431461293151, -3.0637755623392424
-1.0030842710000678, -3.045985965799833
-0.8994253958708165, -3.0281963692604195
-0.7887188423645085, -3.009202770088614
-0.6849571522089289, -2.9913996514018764
-0.5811954620533497, -2.9735965327151397
-0.4704889085470379, -2.9546029335433324
-0.3668300334177986, -2.936813337003923
-0.2562262949378152, -2.917833259979441
-0.15246460478223242, -2.9000301412927008
-0.04870291462665618, -2.8822270226059667
-0.013361374494378447, -2.8736262793364995
0.0074332904299310824, -2.8618869371153624
0.025908227561109196, -2.8442750925952724
0.05083371873599984, -2.816422343426176
0.08225086316550992, -2.7902511247591337
0.11507857911651491, -2.7703099358338332
0.15268695027069693, -2.7545260666920264
0.17551557828690087, -2.7445518360327963
0.20865224777919922, -2.727037567864626
0.24710452162987756, -2.7134377521288813
0.2848120335622721, -2.706126219057438
0.3256540917711125, -2.70391588326417
0.3637748947652903, -2.7065721532298745
0.40401549345273546, -2.7144553777760425
0.5013067481097345, -2.740904059386091
0.5317332313749915, -2.7462101620393
0.63151451186723, -2.7471807897702463
0.736787645842256, -2.7481843369307697
0.8491065399360074, -2.749263678120233
0.9543795993449129, -2.7502753115598026
0.9850573998376774, -2.7477244936674734
1.081939283375784, -2.723396876281495
1.1840431133077933, -2.697740582588739
1.2928803665609652, -2.6703931748902763
1.401817118298013, -2.6430165468253994
1.5039189490320155, -2.6173522930267987
1.6127562022851873, -2.5900048853283364
1.7148600322171994, -2.56434859163558
1.8169638621492161, -2.538692297942821
1.925797117006368, -2.5113289700326704
2.0279009469383884, -2.485672676339912
2.136740199389561, -2.4583332287472968
2.238844029321578, -2.4326769350545376
2.3477787818606157, -2.405292346883817
2.4498786133966166, -2.37962013297937
2.551882944844755, -2.3539930596530283
2.6608236949778177, -2.3266323517998413
2.762828026425956, -2.301005278473499
2.871760779766987, -2.273612730196934
2.973862610501001, -2.2479484763983297
3.0826998637541663, -2.2206010686998696
3.1848056928841872, -2.194952735112957
3.2267256707935847, -2.1864813526591727
3.2676288934241704, -2.183588918138255
3.305788032548739, -2.1856210519398673
3.4058720806152882, -2.197799091075471
3.5173720042467918, -2.211380846777609
3.6218766628767463, -2.22411723965602
3.733375597090245, -2.237707142819711
3.7626020789824164, -2.238754863011223
3.785893482175644, -2.2334896149502774
3.808738445357977, -2.2218769473478353
3.8277445751743597, -2.2049939731135213
3.8412248989853737, -2.1851589766724846
3.859919288745037, -2.152912183781076
3.8836725713176707, -2.1227279755654718
3.900588000641385, -2.1011838051301184
3.910247786088556, -2.0792334045199348
3.9144810584349217, -2.0540625648596627
3.91254436561564, -2.030261756892287
3.889532386094289, -1.9259374722778608
3.866847472263275, -1.8231326433498742
3.8426504134050643, -1.7134458198048486
3.819965499574055, -1.6106409908768666
3.795782781958383, -1.501057117766645
3.773089854089541, -1.3982540595095476
3.748907136473864, -1.2886701863993182
3.72623023668068, -1.1858635868004284
3.702029170975423, -1.0761776493687263
3.679344257144416, -0.9733728204407542
3.6566776914029826, -0.8706700558342237
3.6324949737873067, -0.7610861827239922
3.6098180739941217, -0.6582795831251103
3.5856170082888683, -0.5485936456934252
3.5629320944578566, -0.445788816765441
3.5387493768421803, -0.3362049436552172
3.5160644630111695, -0.23340011472723177
3.4918817453954927, -0.12381624161699814
3.4831516975532493, -0.0957973147231677
3.46804577184793, -0.05880134079709535
3.4588684414971036, -0.02150413835052186
3.455144462956801, 0.01651699654636311
3.457233603254695, 0.057456971620922906
3.4648331516500064, 0.0950020100895319
3.4787821540419674, 0.13343885672449415
3.486914399109588, 0.15687801183119646
3.489032735142211, 0.18241743120232143
3.485106117438205, 0.20597138115273797
3.474866773415214, 0.22935175966108454
3.460216668773481, 0.24820904188187642
3.4414241113364823, 0.2631077193197425
3.41814301090163, 0.27357111843371207
3.394626494406917, 0.2777186874137719
3.369169939101249, 0.27585767497582175
3.346414456316619, 0.2682867564279379
3.3261937359914096, 0.2555849892866892
3.308571191340654, 0.23712017279839595
3.2968178596843276, 0.2163338543812073
3.290071703018348, 0.1916106370350903
3.2896233776427457, 0.16783859325058118
3.3012928836834554, 0.06863297368023848
3.3144361882230364, -0.04291947671417417
3.32675195215236, -0.14747453135847258
3.339870920385793, -0.25892551135095915
3.3521785332368332, -0.363481525161846
3.3551895260722144, -0.4061424948114719
3.3527912677400438, -0.4470778201820035
3.345859185950137, -0.4846569413034991
3.3335003659196936, -0.5237555275387781
3.296339868497057, -0.6173682081580142
3.277455212413738, -0.6587149753933369
3.2571703253685778, -0.6912217818845035
3.2314017876587666, -0.7229858332564767
3.1624356440439083, -0.7965303286801396
3.1317512312113487, -0.826321621534637
3.098981417108548, -0.8507985722927893
3.065689513529198, -0.8697668183408778
3.0302738657271, -0.8846602769622884
2.9282314277114274, -0.9196306609024966
2.8872679099991623, -0.9315553688670227
2.846750614127883, -0.9378634502418783
2.8084520521244776, -0.9390358892780433
2.7677274953508957, -0.9352288610137279
2.730309669295907, -0.926979307911701
2.6335459932842458, -0.8986612554764538
2.603229034412898, -0.8927581904301968
2.503382031944721, -0.88984172440173
2.391209044171795, -0.8865784105012052
2.2859754443618083, -0.8835244247210624
2.2566740123469446, -0.8851775836566197
2.2324677183182255, -0.8932735246011384
2.212290199613376, -0.9062356063965655
2.194920769548931, -0.924798224254838
2.1833292187643196, -0.9457926597170802
2.1770800149164216, -0.9688394535993679
2.1655941253485747, -1.0696305290436428
2.1537238422380067, -1.1741328185734454
2.1410519966764294, -1.2857398171389647
2.129174055883134, -1.3903455239690736
2.1165182798711304, -1.5019543510455222
2.1046483738526214, -1.606560972131094
2.0927780907420535, -1.7110632616608825
2.0853832118940883, -1.7558084150203934
2.074291740877766, -1.7925924021574393
2.05778864862279, -1.8299043914704245
2.0380202186315666, -1.8628484207187441
2.0145232450600647, -1.8931145321658909
1.9451309206565666, -1.9697882475908506
1.8697182135995787, -2.05303260212726
1.8396244609113048, -2.083274456910583
1.8093428163858059, -2.106919858205496
1.7742441865766707, -2.1279214422628994
1.7391852530553302, -2.143382166887428
1.7000095803311501, -2.155140015925726
1.6621288780934083, -2.1615537065975685
1.6213697833527603, -2.1633524892287666
1.5830722439639073, -2.1602866658361295
1.5455168130643528, -2.152688323120354
1.5066377478673907, -2.1396552192921034
1.4721831407233807, -2.123128659109614
1.3844467437632773, -2.0734552549205367
1.286707134174917, -2.0181048469241945
1.1950948094620266, -1.9662336429230536
1.1669241488081108, -1.9535697082800967
1.1314903393669056, -1.941673942403029
1.0971686971008465, -1.924430820754848
1.0638357420507574, -1.9009267285730729
1.0360621629297382, -1.8743950583464961
1.0110060104512473, -1.842081476243047
0.9563013602160382, -1.7573907469812753
0.9337107175959087, -1.718184807354222
0.9189748029077789, -1.6827031035582303
0.9086131984070034, -1.6458143360774729
0.9024824073246674, -1.6052696526541632
0.9014844946614559, -1.5670694811160368
0.9054788478953769, -1.526259057064021
0.9138931106827105, -1.4888779261000409
0.9446434604272096, -1.3854854626559912
0.9505700998430913, -1.3568475887556064
0.9558814539929876, -1.2500438217118786
0.961071070842158, -1.1449976490142808
0.9666211194210554, -1.0328107843464667
0.9655645132816666, -1.0034824353203642
0.9466907612976099, -0.9054976167267301
0.9254365412376686, -0.7952027638042864
0.9055297216697586, -0.6918240526805324
0.8842991677076607, -0.581630163582894
0.8643918384582252, -0.47835708237347585
0.8431376183982847, -0.36806222945103034
0.8370111565001066, -0.3256316024184406
0.8362995869059981, -0.28732159980806055
0.8406046665691089, -0.2466466788220486
0.8493038032394767, -0.20933086058981074
0.8787961465423229, -0.1129186063089234
0.8942391409718383, -0.07027676647208929
0.9122189481210632, -0.03633496328373471
0.9364334214809186, -0.0035144282246346026
0.9509297371678985, 0.016746536355682146
0.9718645797463087, 0.05078503994491474
0.9964747922796893, 0.08014006810052467
1.025114653030746, 0.10573420244474703
1.111034727803761, 0.1707801898398245
1.146303247901994, 0.19497052179177526
1.1827311596002343, 0.21357130042648365
1.2188433204382771, 0.22668595338792488
1.2562659902687692, 0.23538357182179803
1.2968422832406972, 0.23963817021436068
1.335254993834188, 0.23890107036157102
1.3757395409261783, 0.2330719147127271
1.4127004049292997, 0.22296971530070228
1.4368326790615569, 0.21721385947669153
1.4624558527554727, 0.21765063602502208
1.5609515376651333, 0.2336456937617384
1.6718236914321472, 0.25164738702113815
1.7756385695938846, 0.2685027005370182
1.8865094074174162, 0.2865124949303198
1.9904259062004592, 0.30338847308829964
2.0187887907413042, 0.31051586088628846
2.0410340591896414, 0.32303120902496707
2.0583397842373987, 0.33948522178135127
2.072006954801783, 0.36116346554475987
2.112565325649995, 0.45233506403882046
2.1553478552243606, 0.5485280602564956
2.200966919035124, 0.6510577116776848
2.243756947551186, 0.7472473723367609
2.2893993761668128, 0.8498800384387865
2.3321360441112176, 0.9459800266514018
2.3526435541346284, 0.9864307003102233
2.374277141914228, 1.018180820978873
2.3995576052891145, 1.0471117444361757
2.429994842137314, 1.0742797718782329
2.509813729552331, 1.1358757616970934
2.5470809986088634, 1.1617207235369678
2.5811132237394485, 1.1793267712126312
2.6170069081011, 1.1927360235370517
2.6568970973057042, 1.2022338555614853
2.694982472340742, 1.2064363058417031
2.7358805490927893, 1.2058673693629811
2.7738345605104318, 1.2006098176158093
2.8109881054383443, 1.1908274993516368
2.8376911719693316, 1.1842821799605854
2.861466143670393, 1.1845279882260351
2.967261169175214, 1.200105866082792
3.0714165137375664, 1.2154389142315987
3.175571858299918, 1.2307719623804052
3.205482423075513, 1.2380493852625472
3.226463372539051, 1.2496660205716725
3.2450760683990953, 1.2671319849394764
3.2702175427902893, 1.2947900595564228
3.28742746387758, 1.3148808315373468
3.2979789668299606, 1.3363025323144797
3.3031588726142638, 1.359718315704678
3.3023874473090773, 1.3852309922980883
3.295832929612707, 1.4081933210751767
3.283026489007639, 1.4302726278449485
3.266266518566335, 1.4474258740379762
3.245906917660158, 1.4600996138629898
3.2216885776566304, 1.4678287722899737
3.1977519002917556, 1.469302206937302
3.091213929477144, 1.461379511061497
2.986226804316232, 1.453560159697111
2.8812402916122504, 1.4457326238978483
2.7693312089680293, 1.437378828671246
2.6644483327786257, 1.4295549330576698
2.55243438870596, 1.421213866515132
2.523459530977319, 1.4165524971640382
2.4218548461863825, 1.3835434995017264
2.321731292750601, 1.3510056227070026
2.2150060240928426, 1.316319208658733
2.1148824706570677, 1.2837813318640117
2.0147589172212923, 1.251243455069289
1.9079338462811757, 1.216528875749067
1.8078102928454038, 1.1839909989543458
1.7795448694095137, 1.171797753372334
1.7608046451420363, 1.15683330220214
1.7461650846037793, 1.1378383808259698
1.7239706038218359, 1.1047319070426518
1.7104574797003491, 1.0838029357108505
1.7023869865934738, 1.0596965004503573
1.6845927683512953, 0.961404590886278
1.6658570475215522, 0.8578072428156611
1.6458952098051238, 0.7473764797172301
1.6271675655643953, 0.643777672610075
1.6071832688969392, 0.5332456703214773
1.588447548067198, 0.429648322250874
1.5684776337617572, 0.3192190181889905
1.5585006709568907, 0.2775382683708854
1.5441533695681755, 0.24213174484110822
1.5233080841474493, 0.20683423704462245
1.499156259229123, 0.1771008577149927
1.4689646570681327, 0.14952462808436423
1.389036742263806, 0.08824033658232479
1.3516081820213413, 0.06244733019908911
1.3174255434262179, 0.044907556713259515
1.218532210901524, 0.0023513482280541915
1.1784027479905772, -0.012732789538894907
1.1385837424254546, -0.02208225891753953
1.1003825951687012, -0.02617765092564787
0.9926992286749537, -0.030365260584018356
0.9499334656636574, -0.030023222563423577
0.909311824697621, -0.02442615241629221
0.872389973627241, -0.014575907119580638
0.8367178495479414, -0.00030734103711206736
0.8009077917187257, 0.019456652709015008
0.7698210543092355, 0.042033528981630965
0.740026350356154, 0.06990498177413598
0.7154211219686447, 0.09941202726439927
0.6562552638004977, 0.18104855707459894
0.5904016262216735, 0.2719150967558149
0.5286105983601158, 0.3571518648672593
0.4627503167809202, 0.4480135861113012
0.43963464441545413, 0.4839813140965382
0.42305270484367236, 0.5214709743104068
0.41290060131729833, 0.5585148563313183
0.40760029680526055, 0.5989676928653062
0.4073513898247907, 0.6372835389346136
0.4139560843401088, 0.744949537334261
0.4204120664269857, 0.8500293149996675
0.42730929376239773, 0.9621414310397491
0.4337548698875666, 1.0671180317015712
0.433067293949668, 1.0963553865032254
0.41410091834897866, 1.201595753952429
0.39541548547156274, 1.3052021969842638
0.376730052594143, 1.4088086400161022
0.35683080222665636, 1.5191454228511971
0.33813741167399475, 1.6227504275250604
0.3323452418898135, 1.6678351710138954
0.32723244654120665, 1.7685276747833678
0.3272303114864137, 1.8138796307608887
0.33216774693048795, 1.8518768279382056
0.34160461452462165, 1.8890129152830322
0.37456145284427933, 1.9870333214847216
0.3904573318992382, 2.026723584402559
0.411388192260473, 2.061970259925741
0.4355361024797374, 2.0915735051273514
0.45091109696302184, 2.1111754105985163
0.4733174410404003, 2.144263952580095
0.4991863998039366, 2.172516082189347
0.5310465716261275, 2.1983107792574472
0.5500900247750374, 2.214211895158984
0.5769312363060664, 2.2402233885017164
0.6101281863356428, 2.2640966095672086
0.6442896578685114, 2.281655253992928
0.682886561061472, 2.295191768683273
0.7801735111669629, 2.3216562749682823
0.8243804517602933, 2.3313090435388917
0.8626592829314694, 2.33459885877731
0.9633616680872413, 2.3364062043978495
1.0756677199606648, 2.3384177599716742
1.1809286517659725, 2.34030826195589
1.2931308821168956, 2.3423302860409976
1.3983919597037775, 2.344212582001484
1.50365318307223, 2.346086671938238
1.6158557049862872, 2.348092283975886
1.721116491010028, 2.3499909919838315
1.8334222513203065, 2.3520189596051186
1.862612039042409, 2.355055512156815
1.9658170915654702, 2.3822528290121117
2.067615159144425, 2.4090966538145935
2.1694174102815005, 2.4359246060573456
2.278032081818778, 2.4645523635774373
2.3797309980125956, 2.4913658110703696
2.4883456695498802, 2.5199935685904618
2.5900445857437044, 2.546807016083396
2.6918468368807793, 2.5736349683261484
2.800461508418057, 2.602262725846239
2.9022595759970113, 2.6291065506487206
2.9312656891419713, 2.639717122939927
2.950735345679606, 2.6535426300751217
2.967288418660322, 2.6729718799250377
2.9778795309742634, 2.6944883588742563
2.98318794770821, 2.7194547647065543
2.982272487167281, 2.743316360093121
2.965031116788205, 2.8416015634673477
2.9455943983715835, 2.9522311787425273
2.9273839225745526, 3.05592215431452
2.9079631327387427, 3.1665545721223216
2.889796452947678, 3.270042830108583
2.8715859771506476, 3.3737338056805757
2.863427205700436, 3.4036294638201112
2.8512219934047938, 3.424273021626666
2.833315316590348, 3.442317913561074
2.812764704734426, 3.4546793023153755
2.7899642227830106, 3.4617747344696426
2.76447741594787, 3.463156093618717
2.6650934224026854, 3.454208319433141
2.553223035977892, 3.4441230786176904
2.4483707632203835, 3.434665891381863
2.336603946310309, 3.4245858595711614
2.231750937239554, 3.4151368465582634
2.119983384016246, 3.4050649889704934
2.015130374945484, 3.395615975957595
1.9032607248339373, 3.3855225609192154
1.7984084520764285, 3.376065373683385
1.6936590125203845, 3.3666215696752366
1.5817878897823585, 3.3565445030827172
1.4769348807115958, 3.3470954900698198
1.3651680638015267, 3.33701545825912
1.3362691609528685, 3.3319007476349496
1.3146000401949436, 3.321867984294238
1.2947704551645307, 3.305797004816139
1.2804739959242455, 3.286670219712336
1.2706418158938153, 3.263004505276675
1.267175768416699, 3.2393782737799
1.2697727327988213, 3.213986561105759
1.2940467937745936, 3.1171980492946676
1.321368042286947, 3.008247385329431
1.3469901160709636, 2.9061349484055623
1.372612189854987, 2.804022511481672
1.399898689691904, 2.695276786332433
1.4083806634449811, 2.653253542750755
1.4112505766765202, 2.6123487801186793
1.4091904890247284, 2.5740875899887126
1.4025711103761096, 2.536347040331846
1.3990660718898007, 2.5101265458588236
1.397182485663251, 2.4726933121989867
1.3892171095465564, 2.432692248521632
1.3762278866747577, 2.3965454956230103
1.3582376858259848, 2.362726322374102
1.346455430307259, 2.33904125801679
1.3326242639561905, 2.304317128000114
1.3120571856251184, 2.2688568839628185
1.288213483951112, 2.2390080789143467
1.2581726380431417, 2.2111156247858044
1.2265490260335954, 2.189497465426813
1.189749274675088, 2.171671567758367
1.1531842072098588, 2.160253690533202
1.0548178597473568, 2.1381362586133523
0.9453298904691616, 2.113522965470527
0.842616716536977, 2.090426600665524
0.7330285599667129, 2.0657865440286067
0.690909891105855, 2.058366237387984
0.6500502585504802, 2.0565044287358356
0.6118512685723646, 2.0595033969451517
0.5121054364775733, 2.074196544828899
0.4675287240442815, 2.083090474308887
0.43132876446652524, 2.0953303005101462
0.3944027053974865, 2.113160361380339
0.3069911811280283, 2.1634032332610587
0.2711791822510221, 2.1867590512544153
0.2407795702102381, 2.2141059193769954
0.2220121138058808, 2.2304895770691453
0.19024270379950572, 2.2545589683949347
0.1633383215517803, 2.281971933907715
0.13933387818655776, 2.3150742362057417
0.12132890332379831, 2.348897106132287
0.10670897590959673, 2.3870970159193496
0.09751245141532694, 2.424400051631764
0.09286105907818518, 2.4623291172126924
0.09293748014745991, 2.5033346335367543
0.10036510410471552, 2.603882886392224
0.10862928604723229, 2.7157986206105194
0.11639013459719093, 2.8207900802055663
0.12415098314715012, 2.9257815398006133
0.12356388181931945, 2.956661906377741
0.11679081010580342, 2.9796678317266867
0.10385112624538091, 3.001549698517892
0.08695715272419337, 3.0185709909907357
0.06659329069743947, 3.031041757134614
0.042221950298586886, 3.038627382691984
0.01837775384487967, 3.039916823324777
-0.005191368675908326, 3.035486587437363
-0.10654153113402967, 3.0017041823234005
-0.13349385834543823, 2.9900913749544444
-0.1534385924482564, 2.9741635135949207
-0.16787939160558651, 2.9551458848111407
-0.18829794157521132, 2.9238384681391376
-0.21546139399456837, 2.89313696909025
-0.244730753753365, 2.8685855629204693
-0.2646076987624422, 2.8509733007651707
-0.29044224884761266, 2.823961184355316
-0.32271022735797816, 2.7988462715634586
-0.35608900042411257, 2.780051576619895
-0.39191377364902696, 2.7661988601015812
-0.4317223923985635, 2.7568047593763256
-0.4698168451445087, 2.752684330747551
-0.5107136853219261, 2.7533374831400415
-0.5487588847384588, 2.758689985609694
-0.5856930804176421, 2.768493962480104
-0.6116151272892473, 2.77426416463725
-0.7112474648421011, 2.781428690567657
-0.8231792440908066, 2.789472720044043
-0.9280834519170447, 2.7970052706371495
-0.9590659542072585, 2.7963570871645547
-1.057166490985911, 2.778094375366507
-1.1606659972691844, 2.75882549652137
-1.271093236311758, 2.7382701925671267
-1.3744901244368943, 2.7190162566711233
-1.4042024521939696, 2.710579886704871
-1.4247277580457944, 2.698176954218237
-1.441710954765388, 2.68124451999537
-1.454762794792177, 2.659429432830888
-1.472669768366866, 2.6237051964419447
-1.4947103857800195, 2.592248452822216
-1.5209591948997765, 2.564348826613767
-1.5530779249784188, 2.5390432604848274
-1.5863427517719557, 2.5200476942297403
-1.6220848252384759, 2.505982854400449
-1.6618297854281905, 2.4968243159591332
-1.7001230986833518, 2.4938341918617053
-1.740910419809936, 2.4967252044149872
-1.778395448239148, 2.5046652200293775
-1.814661626935906, 2.517031582228094
-1.8408260908411322, 2.525475289997682
-1.8647641068598888, 2.526927078072512
-1.9711929290475205, 2.518934362468513
-2.076173929639119, 2.5110331667553645
-2.1881811366855506, 2.5026020714291914
-2.2931621372771565, 2.4947008757160405
-2.3981437503256915, 2.486807864437769
-2.510047933314456, 2.478388593732158
-2.6149259098483952, 2.470499222639574
-2.6454804857911594, 2.4653269658553
-2.667139201043742, 2.455272220890039
-2.6858701772283142, 2.440296034550188
-2.701226760248134, 2.420037142558877
-2.721420317965154, 2.3884612587103455
-2.7350072104943113, 2.3657633268391103
-2.7418239194095126, 2.3427706151341137
-2.742984418975084, 2.319022340523306
-2.7336844002021707, 2.2124917492204226
-2.724507504402469, 2.107614564082797
-2.714715328552233, 1.995718133885676
-2.705551508992119, 1.8909438214366745
-2.7000334578351293, 1.8605551711550534
-2.689669183362168, 1.8389283820802738
-2.6733213642914238, 1.819326321180829
-2.6540002930224618, 1.8052938428980303
-2.6319015932431298, 1.7962456316476552
-2.6065275528621448, 1.7926530867924146
-2.5827864890759424, 1.7952171764052958
-2.5589471549193825, 1.8040452170353303
-2.539186369722462, 1.8176337148253605
-2.522347244624681, 1.836815282401352
-2.511438477920285, 1.8581728622953264
-2.5059408166888475, 1.8814105018240714
-2.495625295127607, 1.9877434658181814
-2.485471624640917, 2.092530594581968
-2.4746373003435114, 2.204330930966792
-2.4651642836675327, 2.30210485210956
-2.464367601685287, 2.3399015079532206
-2.4705998989382794, 2.363059286672216
-2.4828725860018763, 2.398364382735472
