0.0, 0.0
0.09823176, 0.0
0.20350968, 0.0
0.31583376, 0.0
0.42111168000000004, 0.0
0.53322852, 0.0
0.6385064400000001, 0.0
0.7508305200000001, 0.0
0.85610844, 0.0
0.9684325200000001, 0.0
1.0666642800000001, 0.0
1.1787811200000002, 0.0
1.28405904, 0.0
1.38933696, 0.0
1.5016610400000001, 0.0
1.6069389600000001, 0.0
1.7190558, 0.0
1.82433372, 0.0
1.9296116400000003, 0.0
2.04193572, 0.0
2.1472136400000004, 0.0
2.2524915599999997, 0.0
2.36481564, 0.0
2.46988632, 0.0
2.5822104, 0.0
2.6874883200000004, 0.0
2.7927662399999997, 0.0
2.9050903200000002, 0.0
3.01036824, 0.0
3.12248508, 0.0
3.227763, 0.0
3.34008708, 0.0
3.43831884, 0.0
3.5506429200000005, 0.0
3.66275976, 0.0
3.76803768, 0.0
3.88036176, 0.0
3.9856396800000002, 0.0
4.0909176, 0.0
4.20324168, 0.0
4.30831236, 0.0
4.42063644, 0.0
4.525914360000001, 0.0
4.63823844, 0.0
4.74351636, 0.0
4.84879428, 0.0
4.96091112, 0.0
5.06618904, 0.0
5.178513120000001, 0.0
5.2837910400000005, 0.0
5.39611512, 0.0
5.50139304, 0.0
5.6135098800000005, 0.0
5.7187878, 0.0
5.83111188, 0.0
5.936389800000001, 0.0
6.04166772, 0.0
6.077851379273349, 0.002499317791651477
6.100333573565222, 0.010546886294205795
6.121526099786348, 0.024772409170281555
6.137543782063202, 0.042621220568903
6.149365682944002, 0.06512662792444293
6.154974511623163, 0.08844341549651122
6.154871616777781, 0.11242494114650352
6.139998002423719, 0.21811199157985828
6.1253260255686754, 0.3223625099862375
6.10965256357924, 0.4335876826802252
6.094964332007109, 0.5378359153737244
6.090728647580073, 0.5893210768647854
6.094342225308837, 0.6403313476683611
6.104770621061406, 0.6871179602857912
6.123158375845235, 0.7348358262267661
6.170656335938322, 0.8322605251611592
6.195953776889943, 0.877302197196189
6.225396473535555, 0.9152598552722288
6.262298151423134, 0.9505135519907543
6.341397605629048, 1.0140284808570228
6.38633647448778, 1.045677855949331
6.42927417650873, 1.0669868985340627
6.477838825957647, 1.0826713327210424
6.525026786687677, 1.090490263559549
6.63324807935599, 1.0994761603298029
6.73816618864542, 1.1081727563683412
6.789810168974109, 1.1094462807737282
6.840528861609828, 1.1029070562761376
6.886639590429498, 1.0898099887126897
6.933133579071027, 1.0687664324692596
6.973319701562048, 1.0428262055452882
7.009457526088666, 1.01133350592258
7.042614597352387, 0.9724007964751378
7.101555251258937, 0.8897091660804888
7.166622433209539, 0.7984050169710832
7.22772063733321, 0.7126702521881288
7.292908091339174, 0.62119733385671
7.353999708170015, 0.5354578785469103
7.381493315818953, 0.49172262741492667
7.401806962637502, 0.444792260923814
7.414129779103656, 0.3984682653069429
7.419811198690564, 0.34775035148057754
7.418033595911098, 0.2997450911864307
7.409434940798984, 0.2526928949805248
7.392948271589389, 0.20439465553771416
7.368345495113041, 0.15300129746473595
7.3579950136089245, 0.12731863833788923
7.354956769354598, 0.10352988631686597
7.355863102601682, -0.0031947886886033866
7.356774278698077, -0.10846876048143145
7.3577016274667795, -0.21374259609022542
7.358691042885356, -0.326062318334255
7.361454018638774, -0.35527960333103054
7.370418114146824, -0.3790685369139861
7.384121708378597, -0.39874969037146407
7.402028408643787, -0.4145470481365187
7.42482219807553, -0.42626033186299206
7.447988115927516, -0.4316145073975083
7.554477141634124, -0.4413789347854445
7.659317883642252, -0.4509631395839764
7.764158625650381, -0.4605473443825082
7.7950444807410415, -0.4604926200289532
7.893484294741368, -0.44415722207218145
8.004187316515528, -0.425765113899666
8.108043229226691, -0.4085201853302382
8.218849139270956, -0.3901151240893183
8.322702358782882, -0.372854003330763
8.433406727156658, -0.354469991252813
8.537261293268205, -0.3372169665888216
8.641014317709258, -0.31998499108779926
8.751818881153905, -0.3015718337523164
8.855673447265445, -0.2843188090883253
8.966480703909335, -0.26592184394197016
9.070233728350384, -0.24868986844094831
9.180936750124538, -0.23029776026843415
9.284789969636456, -0.21303663950987822
9.39559722628034, -0.19463967436352206
9.499453138991504, -0.17739474579409387
9.610157507365276, -0.15901073371614222
9.71401207347682, -0.14175770905214966
9.824713748651352, -0.1233575047850704
9.928569661362516, -0.10611257621564273
10.039376918006406, -0.08771561106928734
10.143232830717569, -0.07047068249985966
10.246984508558999, -0.053230610904273064
10.357787725404023, -0.0348093574742261
10.461540749845073, -0.017577381973204236
10.572348006488959, 0.0008195831731507633
10.676203919200121, 0.018064511742577588
10.786905594374652, 0.03646471600965634
10.890760160486195, 0.05371774067364851
11.001463182260347, 0.07210984884616377
11.105319094971511, 0.08935477741559188
11.216126351615399, 0.10775174256194792
11.319979571127321, 0.12501286332050343
11.430683939501098, 0.1433968753984547
11.459119357275792, 0.15065860387150423
11.47997963779095, 0.16227994551903585
11.498619305077801, 0.1798670188433509
11.511384888794632, 0.19992609052810312
11.51942369710405, 0.22425960888238408
11.521117538032266, 0.24807847031392236
11.514677240288206, 0.3477602412564008
11.50741565834143, 0.45974550688197796
11.500608753907258, 0.5646992976192311
11.493344520309499, 0.6767882297623289
11.486551103356453, 0.7818467369172881
11.479286869758694, 0.893935669060386
11.47247731367354, 0.9989931263151609
11.465670409239369, 1.1039469170524145
11.458416896858646, 1.2159327076280821
11.451615410339546, 1.3209906898329493
11.444351176741787, 1.4330796219760464
11.43996357521516, 1.462097413063813
11.407979339125308, 1.5639207249602962
11.376413235768782, 1.6643548902548402
11.344847132412255, 1.764789055549383
11.311168337098795, 1.8719451925368678
11.279602233742269, 1.972379357831411
11.248036130385742, 2.072813523125956
11.214419473071016, 2.1797719550636523
11.180740677757557, 2.28692809205114
11.149174574401032, 2.3873622573456843
11.117608471044507, 2.4877964226402307
11.08392967573105, 2.5949525596277185
11.052363572374524, 2.6953867249222645
11.020859607016732, 2.7956231851670172
10.987180811703277, 2.902779322154506
10.974543922954407, 2.9529759660468433
10.969754208082964, 3.003889565582461
10.972364683034243, 3.0516496519831633
10.982671639100912, 3.1017380466609534
10.999172691661814, 3.146742939204378
11.007528705087104, 3.17075960500399
11.009609618115269, 3.1963020774754964
11.003365417680842, 3.2958924996796286
10.996767855763338, 3.40096347411871
10.989740189106207, 3.513067478870449
10.983145037332607, 3.6180347808960613
10.97881608997344, 3.6470617679754627
10.968534774956513, 3.670423790429728
10.953783045811207, 3.6893320559603295
10.935127790929558, 3.704073440253538
10.911738986584416, 3.714547568763006
10.888216288263644, 3.718657258358327
10.78135528415034, 3.7226550859540133
10.676253555875682, 3.726561266381852
10.564109995421658, 3.730714641112569
10.458904869373479, 3.7346287385182184
10.4279641713832, 3.732907688397363
10.330551540032795, 3.7112738756086046
10.227881172476627, 3.6884609896890663
10.118228862893938, 3.6641080133879047
10.015456445738971, 3.6412766976693183
9.905807690329423, 3.6169076961329263
9.803037050261025, 3.5940683677967242
9.693486790277131, 3.569733821294611
9.590812868547829, 3.546936960610305
9.48804222847943, 3.524097632274103
9.378393473069877, 3.499728630737711
9.27562283300148, 3.4768893024015095
9.16607257301759, 3.4525547558993974
9.063298378776055, 3.4297314527984275
8.953749895878731, 3.405388893678699
8.850979255810337, 3.3825495653424964
8.741330500400785, 3.3581805638061035
8.638558083245819, 3.3353492480875175
8.535785666090852, 3.3125179323689307
8.426337455705758, 3.288201815665866
8.323566815637362, 3.2653624873296647
8.213918060227808, 3.240993485793272
8.162925367146222, 3.2327195513785667
8.111788510834227, 3.2323105147623927
8.064325715754388, 3.23902146789496
7.965367088760731, 3.261338702443245
7.85590069122883, 3.286047730756534
7.826826973290208, 3.2900534047682575
7.72001159276488, 3.288161026878612
7.614750349214013, 3.2862880348982073
7.509489252638573, 3.2844068369153687
7.397286876725659, 3.282393106969026
7.292026074101089, 3.2804954969813176
7.179720022119173, 3.278484014439099
7.0745624546373005, 3.2766087750545703
6.962256402655389, 3.274597292512351
6.933064497748043, 3.271577400470914
6.910731401384667, 3.263124846426104
6.889800871776617, 3.2485164957216948
6.8741076038865545, 3.230382397928281
6.862690486319792, 3.207668574037125
6.857505961650244, 3.1842536856061123
6.8580258032695545, 3.1603803491942233
6.874813010451175, 3.054770470391953
6.89135335294276, 2.9508000108893753
6.908975114860079, 2.8400766719090806
6.925531667026708, 2.7361087982807866
6.94208011435581, 2.6321396317153614
6.959726418665864, 2.5212103490937685
6.976266761157444, 2.417239889591198
6.99390079427113, 2.306413578790257
7.01046545127528, 2.202446998099112
7.0280994843889655, 2.0916206872981746
7.033261527289815, 2.0401155666527493
7.030953346332425, 1.9922362785678103
7.020987142465989, 1.942184209605709
6.9907118439398355, 1.8378961430462102
6.973446857030937, 1.7892073359046772
6.9509422914297065, 1.7468833910431993
6.920512193675125, 1.7057843181581047
6.853450212769733, 1.6298070368078197
6.779116483418815, 1.5455978108372133
6.74274114539158, 1.5089166269792667
6.704340596025843, 1.480226575083687
6.659297946011297, 1.4560140608468017
6.614282985057447, 1.4398427438153858
6.564127458181141, 1.4298653735296587
6.516247307282577, 1.4275746664037716
6.468532637846228, 1.4321625880366122
6.419012363269032, 1.444502586739839
6.374724385235433, 1.462841030967082
6.333603157867854, 1.4872724923182425
6.248751737489967, 1.5487116661539115
6.163601560187786, 1.6104455938344109
6.072658359091377, 1.676370018879757
5.987421886398804, 1.7381614520704751
5.896564980692783, 1.804028371605605
5.811333325951067, 1.8658264491493584
5.720481238195907, 1.931700013037524
5.680399856180072, 1.9644541462040728
5.648164837036672, 1.999931331725031
5.619802865279027, 2.0423594192875965
5.57088480359298, 2.1312295017895537
5.516741078332563, 2.2296426749837286
5.494501950989074, 2.2762701181403244
5.479760107352199, 2.325237316666688
5.472888029890381, 2.3726770488306625
5.4728813954318305, 2.4206118234511673
5.480414824611093, 2.471087475216656
5.494464515502211, 2.5170250441926627
5.517070721842353, 2.569101721049407
5.545621777283052, 2.623495432105034
5.556494302010934, 2.647164795391443
5.560857143928639, 2.670746523962197
5.559195390037841, 2.696216638420004
5.538482596066957, 2.7939351824107286
5.515219559393151, 2.9036120575316886
5.493367614972328, 3.00659716504174
5.470053668246684, 3.11647508910283
5.448209633809913, 3.219461877571309
5.424903597068317, 3.329341482590831
5.4030595626315465, 3.432328271059312
5.379788615973692, 3.542003465221842
5.357936671552869, 3.644988572731893
5.336092637116097, 3.7479753612003734
5.312786600374503, 3.8578549662198918
5.290942565937733, 3.960841754688372
5.267646164253955, 4.070617473320967
5.245819674859052, 4.173502056360953
5.223975640422283, 4.276488844829432
5.20066960368069, 4.386368449848952
5.1773635669390945, 4.49624805486847
5.15550371253422, 4.5992314814200945
5.1477337059231925, 4.650303431536625
5.1406372047734195, 4.758457327418037
5.1402442835134385, 4.81021831968398
5.148170032631683, 4.9113521520568835
5.156951546084688, 5.023332421143429
5.165166948105166, 5.128185354774758
5.1739484615581715, 5.240165623861306
5.180962266765342, 5.291346711939202
5.194391796142825, 5.337361944809512
5.215830231317196, 5.3837895749325275
5.242141103156982, 5.423857944695259
5.308789147506326, 5.5093311264058515
5.342932237119361, 5.548236258018097
5.3851848529071065, 5.586308412752244
5.43365154803687, 5.623886607913781
5.474921798286346, 5.649468705251018
5.51887279679262, 5.668601205566484
5.5682648163040325, 5.681849532416289
5.615890717441394, 5.687280441127877
5.666894312904613, 5.685500531939706
5.713926619363648, 5.676792626724526
5.811944931464577, 5.650253701764525
5.920356922461785, 5.620867707488991
6.021866548936654, 5.593346319564931
6.130175313318449, 5.563975581898894
6.231790315905842, 5.5364468582074595
6.28088352681861, 5.520039315079321
6.326263126543224, 5.496689353583303
6.41222217846132, 5.442625082215876
6.456738935522051, 5.410562252558743
6.490916076476331, 5.376952105133365
6.52161442533217, 5.336182394764335
6.544512708011061, 5.2939524436396335
6.585429964280475, 5.201239784022041
6.630758345359271, 5.098468016611548
6.648835735595177, 5.050074711008038
6.659237892929328, 5.000005816718084
6.661937575600563, 4.952147351161327
6.657754865901569, 4.904395569247804
6.645803807927458, 4.854673495976142
6.627871401416354, 4.810330583018608
6.618346973449236, 4.784989116850648
6.615809079939347, 4.761141795771645
6.618785504663665, 4.6612965498186165
6.622154782574779, 4.549126689417718
6.625511770619611, 4.520074916748881
6.635057693758779, 4.496292314570023
6.649122369101501, 4.476994450276994
6.667363597181255, 4.461584328931603
6.690303026456129, 4.450391716885317
6.7137793864670625, 4.445493073024711
6.737747340581626, 4.44632011136084
6.842941012323964, 4.4643553879886975
6.946702992228015, 4.482156817855607
7.05740948879155, 4.501150748922436
7.161170103199691, 4.518960149290575
7.264929352111918, 4.536777520159944
7.375432963681379, 4.555728407160841
7.4791949435854335, 4.573529837027753
7.5899014401489655, 4.592523768094582
7.693660689061191, 4.610341138963951
7.797421303469331, 4.628150539332091
7.908026357535829, 4.647122948365954
8.011686894942846, 4.6649028561999
8.12239339150639, 4.68389678726673
8.226152640418631, 4.701714158136098
8.336859136982175, 4.720708089202924
8.440621116886234, 4.738509519069831
8.551124728455708, 4.757460406070727
8.654885342863857, 4.775269806438863
8.765589108435574, 4.794279678508149
8.869351088339636, 4.8120811083750565
8.973113068243702, 4.829882538241964
9.08371812231021, 4.848854947275824
9.18737592872541, 4.866650796112226
9.298081059793041, 4.885652697680282
9.401843039697104, 4.9034541275471915
9.512549536260645, 4.922448058614016
9.61631151616471, 4.9402494884809265
9.726811031246442, 4.959224286985508
9.830573011150504, 4.977025716852416
9.93433499105457, 4.994827146719325
10.04504148761811, 5.013821077786152
10.155747984181659, 5.032815008852978
10.259507233093892, 5.050632379722345
10.363167770500924, 5.068412287556288
10.473772824567428, 5.0873846965901475
10.577534804471497, 5.105186126457056
10.612875685320578, 5.113790161828373
10.633756210412718, 5.125585733469393
10.651094820389924, 5.141855334272427
10.664866167368483, 5.163345847923197
10.672454374901916, 5.18609556168843
10.674342574478043, 5.211446794894401
10.667362420659947, 5.311092215787928
10.659494152859041, 5.4231403608567135
10.652137880347667, 5.528160943351636
10.64428093449239, 5.640106007909867
10.63691647465604, 5.745126017877465
10.629555149440352, 5.850042374807174
10.62169506896442, 5.96209109240329
10.614330609128075, 6.06711110237088
10.606462341327173, 6.179159247439662
10.599101016111481, 6.284075604369378
10.591252257581175, 6.396021241454948
10.58388779774483, 6.501041251422535
10.576027717268897, 6.6130899690186435
10.56865507010758, 6.718109406458914
10.561282422946263, 6.823128843899173
10.556267270239621, 6.8590502886095
10.525853544864894, 6.954088418561112
10.491597919906356, 7.061061535753808
10.459494099387225, 7.161325099429296
10.42527396924663, 7.268200779996395
10.393177965427538, 7.368466845526851
10.361081961608447, 7.468732911057307
10.326861831467854, 7.5756085916244045
10.294758010948723, 7.675872155299891
10.26051020269022, 7.782847774347556
10.228441876989029, 7.883013901397449
10.194201885430571, 7.9899920223000755
10.162133559729384, 8.090158149349968
10.127877934770853, 8.197131266542652
10.095774114251716, 8.297394830218146
10.063670293732585, 8.397658393893629
10.045995444823042, 8.459622210229666
10.03442342980243, 8.516048108165913
10.026592999821457, 8.576874030944968
10.02349517571571, 8.634287215532536
10.024734333687556, 8.695602839772365
10.023876927810496, 8.72184158942304
10.017260290897259, 8.744785705759927
10.004391335102211, 8.766828431106545
9.987585105212036, 8.783936160579474
9.965868455585312, 8.797151875090744
9.943052305063999, 8.804196873250689
9.91911308135963, 8.805626555235513
9.894040619798584, 8.800845640362816
9.872396164012812, 8.79075865802952
9.788414693169713, 8.736674970168261
9.694076561604561, 8.67589878073855
9.60557009420103, 8.618889634800553
9.511138189455938, 8.558067673228807
9.422636167212643, 8.501051627969957
9.334219027828812, 8.44409515349485
9.2397960134042, 8.383259393281406
9.151378874020372, 8.326302918806295
9.103397928929935, 8.29948856546627
9.058482402200632, 8.282744931829338
9.008448841184459, 8.272171852252052
8.960599134908879, 8.26931494180382
8.912936151673302, 8.273322415174377
8.863269111247225, 8.285057171975781
8.83825212473802, 8.290648953432044
8.731751912096097, 8.299063860155385
8.626901799945967, 8.307315226250802
8.521948066980816, 8.315570654956586
8.409969700158776, 8.324376438022812
8.379086654981501, 8.32393278653215
8.280759355692588, 8.306335260999354
8.17723293089587, 8.287790438833989
8.06667049474107, 8.267975208460932
7.963144069944357, 8.249430386295568
7.852578735701555, 8.229631312698084
7.748949594964503, 8.21107223522812
7.645320454227462, 8.192513157758157
7.5348592849689915, 8.172720261077485
7.431231593275948, 8.154153105219732
7.3207689749734755, 8.134368286926847
7.217139834236431, 8.115809209456877
7.1065744999936244, 8.096010135859395
7.002945359256576, 8.07745105838943
6.899418934459865, 8.05890623622407
6.788957765201393, 8.039113339543396
6.6853286244643515, 8.020554262073434
6.574763290221547, 8.000755188475946
6.471134149484499, 7.982196111005978
6.367505008747454, 7.963637033536011
6.257043839488985, 7.943844136855338
6.15351741469227, 7.925299314689975
6.042953529493469, 7.905492162704704
6.014610655310177, 7.897878811265897
5.992657310678024, 7.885060155064752
5.97554707101256, 7.868256122235754
5.962282681052035, 7.846449130481797
5.955235915714511, 7.823525550739172
5.953948724612582, 7.798136361530758
5.9632418029310905, 7.698679982081163
5.973701687470867, 7.586843998306
5.9835197252354595, 7.4820248897743475
5.993968543428682, 7.370396011403279
6.003786581193274, 7.265576902871627
6.013588275201721, 7.160756270546686
6.024048159741499, 7.048920286771524
6.03386619750609, 6.944101178239872
6.043684235270679, 6.839282069708216
6.05413858663718, 6.727549638635106
6.063926575594277, 6.62283179711556
6.074394632012129, 6.510996575237047
6.0842126697767185, 6.406177466705393
6.094688898072641, 6.294343006723518
6.10448505890781, 6.189625927100629
6.106309408474741, 6.137894901181312
6.100316091867404, 6.087109124501806
6.087715361552666, 6.040860038851349
6.067166098012736, 5.994145162679804
6.018501833049963, 5.905135844400837
5.967983007708907, 5.812770868757005
5.935275555660525, 5.757253782141658
5.902427798844287, 5.710063619405628
5.866220154281586, 5.665266251185861
5.824234905319309, 5.62056327239284
5.787482964617153, 5.5888305003694985
5.744237934502497, 5.561536189875477
5.700363015024578, 5.542229769096014
5.651125361420377, 5.528806004947978
5.603522927583363, 5.523171776943597
5.555707484017562, 5.52440574368607
5.5052427668518185, 5.533295148516385
5.459882937170346, 5.548471861712109
5.414318481532769, 5.571687676183947
5.375298859653356, 5.599530076102268
5.340669205120343, 5.632674091446358
5.3094181548554085, 5.673021943284132
5.254427440858234, 5.758267997413683
5.1935574190639375, 5.852668934370395
5.136549927641113, 5.941053190011386
5.075652320218138, 6.035436328250896
5.018644828795315, 6.123820583891884
4.957774807001016, 6.218221520848599
4.900721482011448, 6.3066995196622555
4.839890397376725, 6.401002263767
4.782816383165647, 6.489466913542759
4.725749265361738, 6.577936012997822
4.696491411113426, 6.628819154261621
4.679290070673997, 6.673561391732933
4.668225352046337, 6.723382416428236
4.664866223085853, 6.771199465354701
4.668868656482252, 6.822180634226459
4.679649128113974, 6.8688871909757045
4.712525041218118, 6.972167396944182
4.719025736127495, 7.000786372638373
4.718172181589308, 7.024753055611773
4.699326529111402, 7.124430583138131
4.679734000065965, 7.227763846548599
4.6588009536054615, 7.338120101195371
4.639185082011267, 7.441554403724627
4.631314153641181, 7.469719875447142
4.61815565983813, 7.4917110308125645
4.6013155759305295, 7.5084956123563575
4.55832170209495, 7.543311103720004
4.535731582440151, 7.559325689860558
4.513290788927527, 7.567784217528699
4.48792789289392, 7.570649906541699
4.381045391560901, 7.567275680032068
4.275923783306792, 7.563947236190849
4.163656293123766, 7.56038264768352
4.058535208183436, 7.5570377975491905
3.9533104258894767, 7.553693745512518
3.8410424123926767, 7.5501455632983
3.7358171067849404, 7.546817917554737
3.7052718101242488, 7.542997697178613
3.609477627317673, 7.514688548994156
3.5085179228468637, 7.484846004664222
3.4008059602974745, 7.452989575617538
3.299850836727203, 7.423131520348692
3.1923376047360277, 7.391333867001357
3.0913779002652158, 7.361491322671423
2.99042048624468, 7.3316410228720335
2.8827085236952894, 7.29978459382535
2.7817534001250186, 7.269926538556502
2.674139657629607, 7.238103375094224
2.5732781732127687, 7.208294096348692
2.465566210663383, 7.176437667302008
2.3646110870931105, 7.146579612033161
2.256899124543725, 7.114723182986477
2.155944000973445, 7.084865127717629
2.0549842965026444, 7.055022583387697
1.9474710645114621, 7.02322493004036
1.8969647402210612, 7.011425812205324
1.8492918324901249, 7.007535672645666
1.7983707936990092, 7.010937424166104
1.7515402723174347, 7.021166002652295
1.6477860955144876, 7.052870376654854
1.6190927764049572, 7.05903205627432
1.595239712975817, 7.05790945147489
1.570816882431364, 7.050492152224257
1.5502818775405383, 7.03810488543315
1.533349986974295, 7.021266852202551
1.5202167988675694, 6.999380260460854
1.5133262739270352, 6.976517034686948
1.5121788177941708, 6.95091561609765
1.522032458427224, 6.851617339642612
1.5324301510703124, 6.746958278649137
1.5435411834841415, 6.6351851091931255
1.5539531795929054, 6.5304233389548045
1.5650723793089838, 6.418650978974986
1.5754700719520702, 6.3139919179815145
1.5865586335979756, 6.202320648294156
1.5969706297067374, 6.097558878055839
1.6080816621205691, 5.985785708599828
1.6185018255315815, 5.881024747837696
1.629598554479734, 5.769354287626534
1.6400023832862507, 5.664591707912017
1.6510991122344012, 5.552921247700855
1.6615111083431662, 5.448159477462534
1.663638367928977, 5.39644043062833
1.6579515232265147, 5.345723520829301
1.645631169475304, 5.29939933587129
1.6268030378058334, 5.255317351801094
1.5999800963890844, 5.211778467885212
1.5396129600623005, 5.130380277389113
1.5041656343100163, 5.08837307288358
1.4681152729745792, 5.056937366449935
1.425026808993047, 5.02939637674682
1.3350746096464035, 4.9822741288875685
1.2879988486455236, 4.9610007443219795
1.2387341295915477, 4.947285539567522
1.1911616443130981, 4.941400455187328
1.0899103996216501, 4.937152502140484
0.9776840385242248, 4.932468253776914
0.8724980211448896, 4.928070278401773
0.81764852611378, 4.9292156550472015
0.7704342996200586, 4.937496382855213
0.7220235634490726, 4.9536514472175766
0.6792947270093962, 4.975376870432132
0.6376430244343814, 5.0050456891213555
0.6031493443125485, 5.038330987980092
0.5738341256349729, 5.076125684928649
0.5488069293141037, 5.120721065066629
0.5317933830273414, 5.165535045911664
0.5016770149815835, 5.269653393337565
0.4724434294678199, 5.370791105675374
0.4432098439540571, 5.471928818013183
0.41202071970373333, 5.579835890660168
0.3827871341899711, 5.680973602997977
0.3516228838233026, 5.788780002570014
0.32241417219319424, 5.889817041832875
0.29318058667943203, 5.990954754170681
0.261991462429108, 6.09886182681767
0.23275787691534564, 6.19999953915548
0.20156875266502328, 6.307906611802461
0.1723600410349143, 6.408943651065326
0.14119579066824642, 6.516750050637359
0.12970953210232014, 6.567328318600626
0.1261105997494813, 6.618235859302089
0.12398919198776245, 6.643678969840145
0.1162910334720261, 6.666283184683976
0.10239003580739478, 6.687690245172593
0.06729805395885968, 6.730458551532882
0.04735379527586269, 6.752828795570932
0.027337147873739243, 6.766037537259293
0.003332103656158368, 6.774405675321492
-0.020557167130204355, 6.776509563890428
-0.045754499831591605, 6.772436898999494
-0.14097788743267417, 6.742608237343942
-0.24133988004627688, 6.711158236124182
-0.3485228915721621, 6.677565084456221
-0.44898499989687835, 6.646088053206936
-0.556168011422761, 6.612494901538977
-0.6566276685898955, 6.581010037544054
-0.7569896612034954, 6.549560036324294
-0.8573516538171014, 6.518110035104532
-0.9645371165005694, 6.484524716182209
-1.0649967736677002, 6.453039852187287
-1.1721797851935825, 6.419446700519328
-1.2222865320648493, 6.4068778241743205
-1.2732032235927222, 6.402125953007066
-1.3210638871939209, 6.404787647203588
-1.3679507901559962, 6.414246850913817
-1.4161279849385269, 6.431701778144143
-1.440143511745258, 6.440058339761196
-1.4640289664709965, 6.442206965921667
-1.5652816852409395, 6.435989357989423
-1.6702543053421546, 6.429479358801843
-1.7822592161691255, 6.422527479660132
-1.8873355102405402, 6.4160151382490795
-1.9924123142400767, 6.40951098830011
-2.104521408965378, 6.4025649583970115
-2.2165268297204936, 6.395621270717381
-2.321602613863774, 6.3891007378442515
-2.426575233964983, 6.3825907386566705
-2.4571950209647246, 6.377822936728952
-2.55209060133208, 6.346633804891059
-2.6585992737413138, 6.311618279910865
-2.758606527457287, 6.2787246779795165
-2.858616305408817, 6.245838758606581
-2.9653193132861997, 6.210750784759922
-3.0653290912377273, 6.177864865386987
-3.1720320991151074, 6.142776891540329
-3.271942185097007, 6.109919514042212
-3.3055391921852513, 6.096253519707782
-3.324465323544242, 6.081524896004167
-3.3393413894564445, 6.062714623569393
-3.3497431671745335, 6.039518266067475
-3.3538818169532054, 6.01600052290932
-3.357949652576868, 5.909142160864369
-3.3619408747480395, 5.803939929307729
-3.366216469417205, 5.691697253653275
-3.370215964799616, 5.586702721260632
-3.368532340147311, 5.555759233688186
-3.3469639042392543, 5.458225983490675
-3.3242503417695564, 5.355533604993585
-3.2999852358358615, 5.245861820667586
-3.2757304790603805, 5.13629386982939
-3.252974512311927, 5.033504745191717
-3.230234573123742, 4.930712076880444
-3.2059694671900494, 4.82104029255445
-3.183239877160078, 4.718351457730969
-3.1589931341647333, 4.608781735055963
-3.136245181196413, 4.505990838581492
-3.1119800752627174, 4.3963190542554935
-3.0892321222943986, 4.2935281577810205
-3.0649773655189168, 4.183960206942824
-3.042229412550599, 4.081169310468353
-3.017982669555254, 3.9715995877933516
-2.995242730367072, 3.8688069194820702
-2.972486763618615, 3.766017794844398
-2.9482056301246495, 3.6563495541920092
-2.9254760400946798, 3.553660719368523
-2.901218947941119, 3.443987163205716
-2.878505385471424, 3.3412947847086283
-2.8542242519774557, 3.231626544056237
-2.831468285229002, 3.128837419418559
-2.807213528453521, 3.019269468580361
-2.7844816030454744, 2.9164750284322767
-2.76174166385729, 2.813682360120996
-2.752300492734666, 2.784274992327011
-2.7392668471750934, 2.7642667198306814
-2.720436959220708, 2.746883295963946
-2.6995443818926472, 2.735533090760053
-2.6763578411689437, 2.7294079484302873
-2.650834877010151, 2.7291486591495264
-2.5518365699424526, 2.7424628411105707
-2.4406197330072357, 2.7574376690470697
-2.3362862689136503, 2.77150770929251
-2.232052745588914, 2.785543547472276
-2.120732672487198, 2.800528177043022
-2.016395912995964, 2.8145738168570325
-1.905076938360133, 2.82956657990492
-1.8008456119671656, 2.843618685038972
-1.696509950941812, 2.8576724583301267
-1.585293114006596, 2.872647286266627
-1.4809563545153623, 2.8866929260806384
-1.3696373798795245, 2.901685689128529
-1.2653028173200662, 2.9157475958968226
-1.154085980384841, 2.930722423833322
-1.0498524570601093, 2.9447582620130888
-0.9455156975688729, 2.9588039018271024
-0.8341978213989273, 2.973804798352132
-0.7298621603735775, 2.9878585716432857
-0.6185420872718594, 3.002843201214028
-0.5143085639471202, 3.016879039393794
-0.40309282547779207, 3.031862000807438
-0.3744442051103161, 3.0382296129925277
-0.2748802864553717, 3.0772460767782164
-0.17687069292942587, 3.1156851058475805
-0.07249690498751074, 3.1566277080935574
0.025515642889209274, 3.1950592095284684
0.12353114511670969, 3.233483183328928
0.22810674001297318, 3.274478840415248
0.32611633353891184, 3.3129178694846093
0.43058807060723764, 3.353894526785215
0.5285056237083283, 3.3922844455310486
0.6330812186045934, 3.433280102617363
0.7310937664813125, 3.4717116040522744
0.8291033600072637, 3.5101506331216457
0.8899106982182899, 3.531777790723868
0.945383993584859, 3.5468971430113068
0.9701967095299994, 3.555150554031133
0.9915864773527293, 3.5690778367976983
1.007857562081465, 3.586695978210453
1.0199965322566242, 3.609032028311684
1.025938051888676, 3.6322662442993083
1.0259929413382685, 3.6577906748654367
1.0119334048743627, 3.7565812191561005
0.9961006809934615, 3.867679164805299
0.9812568332992955, 3.9719053532229323
0.965421658971417, 4.08310761806294
0.9505778112772503, 4.187333806480581
0.9462720853778291, 4.23881376796992
0.9498066660349316, 4.289829382301058
0.9601577525564138, 4.336632935359989
0.9920690797820223, 4.440215244365919
1.0101988051298687, 4.488809972464462
1.033346643816259, 4.530667220440402
1.0933052805604369, 4.620958898577226
1.15156000924441, 4.708650540589395
1.1847831534992155, 4.752438655997223
1.2192368257775898, 4.7857655336717455
1.2580190066727794, 4.813761512246876
1.3034500199720678, 4.837237485799358
1.3488228782877327, 4.852699323438705
1.399033827378506, 4.861833757092048
1.4469445780320105, 4.863348715715729
1.4945784815343373, 4.857988789573777
1.5439893512183271, 4.844811252419923
1.5908077863637102, 4.824241172241567
1.6312735368428524, 4.798738723993864
1.7124318558035583, 4.737876598768257
1.8022880231476925, 4.670478040610346
1.8864208921575152, 4.607364718621181
1.9762622796696083, 4.539946467894508
2.0603902220687615, 4.476826581715748
2.1022101685560806, 4.441158547466544
2.1334558005283086, 4.404943437513885
2.1592564127580753, 4.364544258541084
2.207408173035241, 4.271506908089768
2.2294604844294414, 4.221385646917879
2.241887765059778, 4.174982763562578
2.2475199524784135, 4.127379675021904
2.2459572117597735, 4.076368467208174
2.2341688226988308, 3.9756118163224836
2.221106751588644, 3.864154153655832
2.208844868693267, 3.759592766968516
2.2080998994204917, 3.728715304625474
2.221939998828056, 3.629789150894775
2.2365399158301353, 3.525528507301661
2.2520999042236576, 3.4142873921101997
2.266681462882558, 3.3101288078070343
2.282247117594947, 3.1989931218957217
2.2968470345970218, 3.094732478302614
2.3124150312112253, 2.983492486441225
2.32699893177194, 2.879229596187975
2.3425645864843285, 2.7680939102766637
2.3571541533639118, 2.66393644930357
2.37175407036599, 2.5596758057104627
2.387314058759512, 2.448434690518994
2.4019059675409067, 2.3441729235958157
2.4165058845429868, 2.2399122800027165
2.432071539255374, 2.128776594091397
2.446653097914276, 2.024618009788232
2.4622130863077962, 1.9133768945967702
2.4768049950891933, 1.809115127673592
2.492380999924077, 1.6978762591422665
2.5069809169261537, 1.5936156155491676
2.5215808339282337, 1.4893549719560617
2.5371121138560824, 1.3783190986745417
2.5517120308581607, 1.274058455081442
2.5672880356930423, 1.1628195865501165
2.5714731191615194, 1.1113299114973456
2.5678215903985264, 1.060322588861754
2.557362988200278, 1.0135428632477468
2.5403120562853707, 0.9687430917129369
2.4944504133848033, 0.8747863244224979
2.469063191630156, 0.8296766810486553
2.4374924133765816, 0.7894475918269956
2.3682432546015675, 0.7153164748093693
2.3282679113741898, 0.6775923166309251
2.2888900560724044, 0.6504405858326099
2.245940895069404, 0.6291538350625976
2.1483543952182957, 0.5913421601925763
2.0501693786085906, 0.5533534466426301
1.9978613354842274, 0.536809745977109
1.950490747307855, 0.5294776425850014
1.9025584938616018, 0.5290058090396883
1.8520124528994562, 0.5360513938330397
1.8060365656640254, 0.5496150947336225
1.7596702414136944, 0.5711856480313956
1.7197620958527153, 0.5975522561247107
1.6839600200373477, 0.6294262282539504
1.6512178250685556, 0.6687078210782006
1.624904833948879, 0.712436227893297
1.5802703157745743, 0.8035330368478437
1.5339667863761899, 0.8980815456851892
1.484610018986605, 0.998865164302755
1.4382843765568047, 1.0934028447264956
1.3919661051374788, 1.1879441346214414
1.3425527108662563, 1.288815399656733
1.2962910663285674, 1.383269043133948
1.2468850430678178, 1.4841439176404432
1.2006086565091816, 1.5785903421752614
1.1795628627958932, 1.6293663210629992
1.168183250617634, 1.6758242226306614
1.1634945171449877, 1.7267470821393014
1.166214331456098, 1.7746048174932136
1.175760515964296, 1.8215793501431679
1.1932450215536328, 1.8696353780692447
1.2016504729178932, 1.8936343729905312
1.2038483214458355, 1.9175152095700325
1.1998746786724743, 1.942728339623061
1.1904881449994904, 1.9646852262881818
1.175006890011717, 1.984978851456229
1.1367689269787071, 2.024959334678431
1.100030569303508, 2.0691878981103704
1.0809609361624422, 2.0894069926903343
1.0607105854852845, 2.102061457014661
1.0364095252751697, 2.109868558342294
1.012475071259088, 2.111376111118447
0.9889691014682843, 2.107169920090654
0.8929392278379505, 2.0744738095214457
0.7933948092925875, 2.040524732997907
0.6870838734050595, 2.0042662044737107
0.5874400645988128, 1.9702875415656365
0.48112647766279326, 1.9340367804103407
0.38158205911743354, 1.900087703886804
0.27537051349079145, 1.8638587617471423
0.17573200678154077, 1.8298645641012743
0.07608819797530174, 1.7958859011932051
-0.030225388960731396, 1.7596351400379033
-0.1298691977669631, 1.7256564771298364
-0.2360807433936023, 1.689427534990176
-0.28595874436770335, 1.6755866306366396
-0.3366389669506668, 1.6695814576005412
-0.3845513325205984, 1.6710397082148605
-0.43166085894936423, 1.679317673608294
-0.5327762055479012, 1.7067078397003008
-0.5615487428505097, 1.7119424305095328
-0.586977915010957, 1.709740344428102
-0.6842291328809919, 1.6869338914697336
-0.7935829194318385, 1.6612736437149205
-0.8959732188291268, 1.6372349431199016
-0.9983635182264161, 1.613196242524885
-1.1077173047772542, 1.5875359947700705
-1.2102112596994545, 1.5634854304537484
-1.3195650462503001, 1.5378251826989344
-1.422055300308477, 1.5137588742573191
-1.524547404798661, 1.4897004378783545
-1.6336994315957203, 1.464087533754082
-1.7361933865179207, 1.4400369694377613
-1.8455453226367584, 1.4143688496202973
-1.948035576694928, 1.3903025411786858
-2.057389363245781, 1.3646422934238693
-2.15968155841419, 1.3406390727380928
-2.2690353449650362, 1.3149788249832777
-2.3715274494552205, 1.2909203886043084
-2.400908174533823, 1.2810677452346597
-2.4206633764765133, 1.2678373613574412
-2.4378076910953457, 1.2487892866972434
-2.448935701513893, 1.227661929388911
-2.4547516401199285, 1.2043958348645463
-2.4546848509043873, 1.1789745175223316
-2.4401030953375704, 1.080154961106813
-2.423693220142406, 0.9690360543572306
-2.408327368007775, 0.8649902898608806
-2.3919256121600356, 0.7538701846643299
-2.3765597600254034, 0.6498244201679725
-2.3611747175610236, 0.5456767463523642
-2.3447648423658602, 0.43455783960278316
-2.329379799901482, 0.3304101657871755
-2.3129891150360637, 0.21939316835685116
-2.2976121919191077, 0.1152442960942684
-2.2822352688021463, 0.011095423831671239
-2.2658364645893116, -0.09992037515166508
-2.2514843742031343, -0.19709801448030084
-2.2340526179120936, -0.31508384795062055
-2.218675694795136, -0.419232720213203
-2.202273938947394, -0.5303528254097608
-2.186908086812763, -0.6343985899061111
-2.1801665437436846, -0.6629617977003875
-2.140471861946474, -0.756316515695164
-2.0964865839780766, -0.8596702438368581
-2.0552595966520193, -0.9565401302563934
-2.0113480048381334, -1.0596999886916736
-1.970113467050404, -1.1565666578753913
-1.9288713788009995, -1.2534301098233078
-1.8848861008326074, -1.356783837964987
-1.8436591135065488, -1.45365372438452
-1.8024321261804854, -1.5505236108040674
-1.7584685903660062, -1.6537739696209128
-1.7172708956555276, -1.7505437039514355
-1.673285617687134, -1.8538974320931205
-1.6558357636265075, -1.9025203940421183
-1.6464638617970664, -1.9495303154333141
-1.6439990556065762, -2.000609391092037
-1.6488012638303662, -2.0483031286779503
-1.661778751173984, -2.107606338867616
-1.6781850506949372, -2.1627127668654245
-1.6844247869288997, -2.1897963990309415
-1.6837006984007714, -2.213767684199883
-1.6773717612629688, -2.2366864865308393
-1.664699147413082, -2.2589610044284982
-1.648158749482732, -2.2761837122019677
-1.6265040431510684, -2.2896958260855618
-1.6037643248636662, -2.296983726567308
-1.5798417083009155, -2.2986687254431795
-1.5547189545847078, -2.2941589332427297
-1.4599430239130613, -2.262608089873241
-1.3535675293601586, -2.2271900373202937
-1.2536838462910045, -2.193923116468253
-1.1471143452599413, -2.158431738620487
-1.0472306621907936, -2.1251648177684497
-0.9406611611597239, -2.0896734399206807
-0.8408718857624625, -2.05645096780035
-0.7344019835376677, -2.020988466515693
-0.6345183004685201, -1.9877215456636559
-0.5346346173993664, -1.9544546248116157
-0.4280625208011159, -1.9189710330481478
-0.3281736465975792, -1.8857196843647022
-0.22170633993997974, -1.8502493969957496
-0.12192225567709321, -1.8170113527068212
-0.015352754646029995, -1.7815199748590538
0.03452227706099262, -1.7680601061068721
0.08213609116491125, -1.762521059758771
0.13324708119232528, -1.7641985394527662
0.18039633619245804, -1.772842497735017
0.2850675055630332, -1.800977384006237
0.3139531191965482, -1.8061685197034079
0.33785633968684187, -1.804229486114358
0.44218618041684044, -1.7812427446925891
0.5449954910915654, -1.7585781688813464
0.6545881416014454, -1.7344352743213067
0.7573992188624488, -1.7117787134492803
0.8602102961234518, -1.6891221525772542
0.9697976468744984, -1.6649552131995644
1.072608724135501, -1.6422986523275376
1.1754215679827738, -1.619650106394728
1.285014218492674, -1.5955072118346885
1.3878235291673862, -1.572842636023446
1.4975111869915416, -1.5486493856367687
1.6002219571794403, -1.5260191357737292
1.7030348010267058, -1.5033705898409235
1.8127295251959734, -1.4792093992111133
1.9154367622113158, -1.456563119469641
1.9448568243191116, -1.4471580833439701
1.9649647436909543, -1.4340893197744946
1.9813840409726613, -1.4166095506787295
1.99371729893099, -1.3943803233185474
1.999855196913662, -1.3711970857396232
2.000129153037164, -1.3456744506700475
1.9868958612216105, -1.2466652911873497
1.9729346091421658, -1.1423172012196676
1.9580664253331561, -1.0311905935966337
1.9441051732537125, -0.9268425036289519
1.9292095066650172, -0.8155104863799894
1.915248254585575, -0.7111623964123148
1.9012870025061333, -0.6068143064446474
1.8864188186971196, -0.4956876988215931
1.872457566617679, -0.39133960885392544
1.8685913951728443, -0.33651041872622595
1.8725425064159658, -0.28873890855043516
1.8902244976988538, -0.1816994549706871
1.9015900767959468, -0.13130579544847526
1.9189114575071122, -0.08660970388036035
1.9442463675619297, -0.042188158723973836
2.0018286697903815, 0.04120330754854766
2.0358318873679946, 0.08438816072241584
2.070877075228359, 0.11709270312597107
2.1101572093004024, 0.1443858151116627
2.201143720574033, 0.19609933311436323
2.247561198914002, 0.21900756464431437
2.2962318601453013, 0.23436178935535884
2.3435749174575427, 0.24187061094527654
2.3947110435089742, 0.2423175362906118
2.442178030830661, 0.23563829484669044
2.54802781468184, 0.21184922556295246
2.6506418850489912, 0.18878446707432492
2.753357953646959, 0.165700996583697
2.8628476811460764, 0.14109555326374554
2.915614955471446, 0.12570739557395844
2.9590520410823653, 0.10543492220659609
2.9991378058486853, 0.07915011358380838
3.037282248804697, 0.04508964941431316
3.0678591283740357, 0.008308210487425242
3.0943279919238202, -0.03532578903410521
3.112858920860238, -0.07953365259632614
3.1248671854478296, -0.1259401515090679
3.130212826599475, -0.17679846975505514
3.1321043313562877, -0.27822475344971215
3.1341588335104213, -0.3904263908014744
3.1361100897775063, -0.49568621263211127
3.1380613460445903, -0.6009460344627342
3.14014046597811, -0.7131472183416101
3.1431688709659475, -0.7423381236254719
3.168668821061354, -0.8389180502205511
3.19733728795985, -0.9474148118058044
3.2242319291412476, -1.0491994650391778
3.2528924611319936, -1.1576983236024292
3.2797791674056374, -1.2594850738137855
3.3066658736792816, -1.36127182402515
3.3353264056700263, -1.469770682588395
3.3622131119436705, -1.5715574327997595
3.390912021103203, -1.6801533258474841
3.417776220023568, -1.7818388476184013
3.4446629262972093, -1.883625597829752
3.473345965641237, -1.9922256848334499
3.5002326719148775, -2.0940124350448084
3.52890113881338, -2.2025091966300754
3.555795779994776, -2.30429384986345
3.584456311985523, -2.4127927084267005
3.6113430182591664, -2.5145794586380585
3.6400260576031926, -2.6231795456417575
3.666890256523555, -2.72486506741266
3.6955891656830886, -2.833460960460392
3.722453364603452, -2.9351464822313025
3.749340070877094, -3.0369332324426606
3.778023110221121, -3.1455333194463595
3.804909816494764, -3.247320069657717
3.8155681782589195, -3.3011367806776484
3.817618243385397, -3.3490276125188
3.8137045165325594, -3.4503960111649685
3.8084548390634567, -3.5088556159713433
3.796854085115833, -3.555365600889131
3.775446261120356, -3.6115064832203827
3.7510383154316784, -3.663565218442004
3.7209139424856223, -3.717103669631511
3.6891396434573003, -3.764898808287769
3.653895637737396, -3.8104581840012703
3.6128825402853377, -3.856054899508112
3.5713688695939716, -3.89583556501537
3.5239877523218466, -3.934936558585368
3.477137209052496, -3.968087770115353
3.4278545273369923, -3.99790389985802
3.3731764382299514, -4.0256786429300755
3.320124861568974, -4.047846389439535
3.261844287814051, -4.067268562359359
3.2060984910228694, -4.081350028674426
3.1494876629784425, -4.091404685690918
3.097850749395481, -4.094954773312793
3.0500711892186874, -4.09110201402423
3.0003668194294195, -4.079525086175374
2.955801416273338, -4.061870397997765
2.914226488505387, -4.038010775823572
2.8741264773574127, -4.0062760908299255
2.8414206095551595, -3.971373870089407
2.812355817511139, -3.9292985823743614
2.762083454895721, -3.84118751865159
2.7064821672334003, -3.743709699565341
2.654341391076699, -3.6522505449956033
2.6021863558147933, -3.560799521737549
2.54659219770507, -3.463317636995451
2.4944300328905706, -3.371870679393254
2.4387809802074285, -3.2743008153131488
2.3866330744981235, -3.1828457263992496
2.334525804257042, -3.09148674813506
2.2788838811264975, -2.9939128183991035
2.2267766108854183, -2.9025538401349156
2.1947743104562125, -2.8428373619145635
2.1715668431543693, -2.7902322430373747
2.1587715822100773, -2.765559592150223
2.1426912655274872, -2.7477675791283276
2.1230209800405184, -2.7344106777496204
2.098937384581363, -2.725651455952681
2.0735221533862376, -2.7232939141876966
2.049929948929374, -2.726984463957712
1.9543327068244116, -2.7555923779989753
1.8467280850453314, -2.7878095034220123
1.7458732779304267, -2.818004656356423
1.6450184708155295, -2.848199809290835
1.5375119522484122, -2.8803833261151217
1.436755248345474, -2.9105448704507833
1.342552152682783, -2.938751659495318
1.2282958194514881, -2.9729571488082294
1.1341908270007677, -3.0011303292540146
1.0265862052216879, -3.033347454677049
0.9257313981067802, -3.0635426076114642
0.8248765909918796, -3.0937377605458733
0.7174681756367246, -3.1258876687714134
0.6166133685218179, -3.156082821705825
0.5090087467427382, -3.1882999471288636
0.40815393962783014, -3.2184951000632767
0.30729678191261733, -3.2486823894898245
0.19979026334548677, -3.2808659063141197
0.09903355944255482, -3.31102745064978
-0.008571062336525262, -3.343244576072819
-0.10942586945143395, -3.37343972900723
-0.21703049123051635, -3.4056568544302697
-0.31788529834541546, -3.4358520073646788
-0.41864200224834736, -3.4660135517003385
-0.5261485208154787, -3.4981970685246324
-0.627003327930373, -3.52839222145904
-0.7346079497094593, -3.5606093468820808
-0.8354627568243636, -3.5908044998164907
-0.9429692753914878, -3.6229880166407824
-1.0437259792944198, -3.6531495609764417
-1.1445807864093196, -3.6833447139108526
-1.2521854081884063, -3.7155618393338914
-1.2794823058655338, -3.7263401231572897
-1.3280874650759213, -3.7527619363796902
-1.3515061640918, -3.7675367920577667
-1.3678848823298932, -3.7850542538898697
-1.3801668459325163, -3.807312312198199
-1.3862509435106922, -3.830509649095086
-1.3866492692536116, -3.8543853276053053
-1.3807722556194835, -3.879329327240754
-1.344263012193018, -3.9720851895128804
-1.3056986818948795, -4.070045539608876
-1.26455837108565, -4.1745642961540135
-1.2260016782253171, -4.27252765118287
-1.1848878491959571, -4.376945476000591
-1.1463235188978174, -4.47490582609659
-1.105224964744074, -4.579329660780021
-1.0666682718837457, -4.6772930158088695
-1.0255203236367083, -4.78180876742115
-1.0124743773731284, -4.808097346581239
-0.9955817817893996, -4.827094475709596
-0.9544636391988108, -4.864106310889397
-0.9340663560026012, -4.880469449861465
-0.9270961721733229, -4.884348040505199
-0.9270961721733229, -4.884348040505199
-0.9270961721733229, -4.884348040505199
-0.9270961721733229, -4.884348040505199
