0.0, 0.0
0.09823176, 0.0
0.20350968, 0.0
0.30878760000000005, 0.0
0.42111168000000004, 0.0
0.5261823600000001, 0.0
0.63146028, 0.0
0.74378436, 0.0
0.8490622800000001, 0.0
0.96138636, 0.0
1.0666642800000001, 0.0
1.1787811200000002, 0.0
1.28405904, 0.0
1.313300731392032, 0.002492788550492414
1.3372644644971061, 0.011280901429873648
1.4251427481448944, 0.05877130659495992
1.5176657639277462, 0.10878252605519433
1.616470448984868, 0.16220845283146543
1.7090748578853328, 0.21228700058426228
1.8077903434060065, 0.26566003860175325
1.9004064619347245, 0.31571692705387483
1.9930225804634423, 0.36577381550599763
2.091734162774698, 0.4191540732903819
2.1415279751626164, 0.44218313364297646
2.187590790153843, 0.45544849191777126
2.235079426680766, 0.4619750681478413
2.286214177764735, 0.46136350451636904
2.3335329671650054, 0.4537032483656012
2.382248287143406, 0.4381497973142715
2.406567723906486, 0.4307231100515653
2.4305182922714628, 0.4294979245900893
2.5369690652810037, 0.4385167305936333
2.6417664784369967, 0.4474124180963588
2.7536881908468995, 0.4569111691329884
2.8585898923420388, 0.4658033295149176
2.970409393205048, 0.4752810734588142
3.075310402436104, 0.4841814119119186
3.1802114116671607, 0.4930817503650231
3.2920309125301714, 0.5025594943089194
3.396932614025313, 0.511451654690848
3.508855018699301, 0.5209422276563004
3.613755335666271, 0.5298507441805813
3.7255741442651957, 0.5393366661956543
3.8304758457603367, 0.5482288265775833
3.9352746434445, 0.5571081579379559
4.047196355854402, 0.5666069089745821
4.152096672821373, 0.5755154254988604
4.263914789156214, 0.5850095255851074
4.36881718291544, 0.5938935078958573
4.473719576674666, 0.6027774902066066
4.585537693009506, 0.6122715902928544
4.690438009976475, 0.6211801068171343
4.8023597223863765, 0.6306788578537622
4.907158520070537, 0.6395581892141335
5.012060913829761, 0.6484421715248853
5.123879722428686, 0.657928093539957
5.228780039395656, 0.6668366100642376
5.340702444069644, 0.6763271830296882
5.445604145564783, 0.685219343411615
5.474527870285272, 0.6901875532090694
5.575790778504347, 0.7242306048782716
5.675482186062362, 0.7577455833290361
5.781942618254412, 0.7935627861888703
5.881725700717624, 0.8271302398750456
5.988091842042333, 0.8629027467552032
6.0878801564298355, 0.8964546419299098
6.194248913716689, 0.9322193695543343
6.2940319961799, 0.9657868232405112
6.393815078643111, 0.9993542769266875
6.500178604005674, 1.0351345630625817
6.599969534355323, 1.0686786789815548
6.70643781443381, 1.1044725440741852
6.7562735349566925, 1.1180768782394301
6.8070806522336715, 1.123885073969651
6.854986811980538, 1.1222223794018622
6.902160108247544, 1.1137108040025305
6.950492442514677, 1.0973229196096392
6.974771675707229, 1.0894254994047794
6.998696599689574, 1.0877687113820769
7.105189420586774, 1.094857986539095
7.2102343109298825, 1.1018587287654444
7.32230873847599, 1.1093433223919318
7.427352530260551, 1.1163604424533042
7.539426957806658, 1.1238450360797914
7.644368186629748, 1.130842937993548
7.7493094154528395, 1.1378408399073048
7.861383842998948, 1.1453254335337921
7.966427634783512, 1.1523425535951648
8.078502611608892, 1.1598189583041407
8.183547501951997, 1.1668197005304906
8.29551881725736, 1.1742932649268738
8.32442821487638, 1.1787115896365714
8.347844182740703, 1.1891250786181742
8.366614201680694, 1.2038868213256209
8.382193527764654, 1.2241049915833346
8.391691475043746, 1.2460137999111147
8.395727364071533, 1.269653761645246
8.399291007764338, 1.3763227777643088
8.402792889468492, 1.4815424397294394
8.406286688920904, 1.586762367543583
8.41002294853439, 1.6990242903488983
8.413524830238543, 1.804243952314029
8.417026711942697, 1.909463614279158
8.415202136835655, 1.940193164074726
8.393173342848701, 2.037623470248159
8.368381583494742, 2.147177403593138
8.345140019787088, 2.2498578178828006
8.321917309175376, 2.3524362599268214
8.297141560170612, 2.4619938139111683
8.273934859908097, 2.5645758765945597
8.249143100554136, 2.6741298099395387
8.225893531671877, 2.7768084139095164
8.204210168785131, 2.8726171194635497
8.179445267701709, 2.982070890882571
8.154669518696943, 3.091628444866918
8.131454813259829, 3.1942086972306245
8.106647043556668, 3.3037590099362313
8.081847279028109, 3.4133111329615256
8.058640578765596, 3.515893195644914
8.035415025407142, 3.618577230573948
8.010642119149118, 3.7280291916732846
7.987392550266867, 3.8307077956432614
7.962600790912906, 3.9402617289882405
7.939367232379854, 4.042943953597586
7.914602331296433, 4.152397725016602
7.906130785789894, 4.2034627114960355
7.905331881221609, 4.251287209037836
7.9120448477506455, 4.3019825876151145
7.925297742631461, 4.3480490006913355
7.932135425788288, 4.374243698169099
7.932182686314507, 4.3982255351551105
7.918867788812547, 4.497119191788571
7.903874896082641, 4.608438141394517
7.889828213992596, 4.712670196174777
7.874819053509434, 4.8239869547729874
7.860746339627753, 4.928320058274603
7.854350866448797, 4.956962405088116
7.842424713995402, 4.979529363147696
7.826429143136098, 4.997259420883299
7.805209496962586, 5.011444568241084
7.782709779613565, 5.019443014227339
7.757298158071814, 5.021841442740356
7.65763598058095, 5.0168718921932705
7.552490131949281, 5.011600280063972
7.44030690828383, 5.005976924591501
7.335161059652162, 5.000705312462202
7.223081530205485, 4.995083091494302
7.1180385621547755, 4.989828766636184
7.005855338489324, 4.984205411163712
6.900709489857655, 4.9789337990344125
6.788526266192203, 4.973310443561941
6.683380417560533, 4.968038831432641
6.57823375529105, 4.962783372069953
6.547764821700622, 4.958395417813996
6.452507459249575, 4.928329368002902
6.352118951922691, 4.896618387223424
6.245107133589252, 4.862826379084038
6.144713687466419, 4.831131052332969
6.037701869132985, 4.797339044193584
5.937313361806102, 4.765628063414104
5.836922385081246, 4.733924909648829
5.729812983675063, 4.700097811311079
5.629519590022955, 4.6684297477441685
5.522505302291544, 4.634645566618988
5.422114325566686, 4.602942412853714
5.3150049241605055, 4.569115314515966
5.214613947435647, 4.537412160750692
5.164535282069439, 4.524731855097225
5.113629126096782, 4.519866771341818
5.065761987033653, 4.522417704458195
5.015661962522458, 4.532669655534621
4.970639327747146, 4.549123186640658
4.94498020725763, 4.557755443472489
4.92116246064015, 4.559464888718876
4.814445240201722, 4.552631757117279
4.709487012514667, 4.545893613538635
4.604528784827606, 4.539155469959991
4.49243511765144, 4.531964671830288
4.387373221731907, 4.525223944517282
4.275279554555745, 4.518033146387579
4.170217658636207, 4.511292419074573
4.058331327924994, 4.5041067884135915
3.953269432005453, 4.49736606110058
3.9242467255386915, 4.493010324280759
3.9008047672371506, 4.482655485316435
3.8820764663152656, 4.468007002432151
3.8422384034983965, 4.429620779745407
3.8235687041808344, 4.409170577386452
3.81241455433738, 4.3879401265465034
3.8064558214468334, 4.363121294061182
3.806754732360764, 4.339141157519633
3.8224904455052666, 4.233579019293785
3.8380452564547296, 4.129456551517354
3.8546411374283687, 4.018365257157463
3.870195948377831, 3.9142427893810363
3.8857347626605545, 3.810117938218582
3.9023146469674543, 3.6990242604726653
3.9069683938344415, 3.6475750393519517
3.903773027800181, 3.5965364753014804
3.893724523059282, 3.5496665189799756
3.8645346466023316, 3.452621129204048
3.845474194157341, 3.401176856538497
3.8221701136787862, 3.3592879551905295
3.7909690345361855, 3.318771394218991
3.7223955015758383, 3.2440148551949486
3.6772630177718377, 3.1978811118370833
3.634064834512887, 3.159936397116398
3.585117676028116, 3.1229862023952424
3.5367883606215256, 3.0918387985429248
3.486260023757969, 3.0641857391646035
3.4304262463412423, 3.0388141866703373
3.3764641658224233, 3.0189657616368812
3.3174967966356435, 3.0021140864277847
3.269672536516392, 2.9937170133939635
3.2217585913184856, 2.992306700171334
3.170982731191211, 2.9983818046575594
3.1247553924026406, 3.011061305398153
3.0809113817957323, 3.0301808601013542
3.037572949893296, 3.0573268563861875
3.0011630294397045, 3.08850495577934
2.9677319550606045, 3.1270653731511224
2.908056473788038, 3.209228256083135
2.842129901133354, 3.3000418877193995
2.7803317556638625, 3.385145476059653
2.714327718282669, 3.476030921028388
2.652472035880834, 3.5612207838116934
2.590616353478996, 3.646410646595001
2.5246831382262584, 3.73721945786107
2.462820813226368, 3.8224045002741813
2.4333802185764593, 3.8688203402433428
2.414171436082865, 3.9127379130712767
2.4014688897421963, 3.958851563488957
2.3953293402285687, 4.009515730505954
2.3966600155287057, 4.0574321364471375
2.405628838316997, 4.107777587818073
2.420925556303438, 4.153206091832945
2.4289259449851905, 4.179069401498501
2.4300417680276354, 4.2030254377166205
2.4205219057209724, 4.309432579441215
2.411128519805989, 4.414290590425054
2.401735133891006, 4.519148601408893
2.391712241110142, 4.630920558058414
2.3823270295789123, 4.73577930356793
2.372938830019892, 4.840533743900424
2.3629189252668206, 4.952410005726965
2.3528990205137483, 5.0642862675535065
2.343505634598765, 5.169144278537345
2.3341256094234977, 5.273899453395516
2.3241027166426336, 5.385671410045037
2.314709330727651, 5.490529421028878
2.30468942597458, 5.602405682855421
2.2952960400595965, 5.707263693839258
2.2852813216624868, 5.819036385014458
2.27587976136375, 5.923893661472617
2.266491561804728, 6.028648101805112
2.256471657051657, 6.140524363631654
2.246451752298586, 6.252400625458197
2.2370583663836023, 6.357258636442036
2.2276701668245815, 6.46201307677453
2.2176472740437183, 6.573785033424053
2.2082538881287346, 6.67864304440789
2.1982421577594176, 6.79052004076011
2.196620596452516, 6.842153854735628
2.2021842926550534, 6.889764518583188
2.215571012103054, 6.939119630618175
2.2504265031505994, 7.034277154758357
2.2710576754721, 7.081863168087499
2.2982478123739507, 7.125051610956993
2.3317765222304088, 7.163664727427963
2.4046342486538457, 7.234252407052383
2.4463503162198963, 7.26988377939526
2.4872047492708944, 7.295154393596675
2.531069128956831, 7.314227092376275
2.5803639514814103, 7.327439420502038
2.6279895797691784, 7.332872721411725
2.6790963434877684, 7.331087096045904
2.7796957566219986, 7.318855263243611
2.884202168589193, 7.306133223420187
2.9957031041919886, 7.292559708490472
3.1002095161591847, 7.2798376686670485
3.1542480831123365, 7.269787720657835
3.1993936555424805, 7.253985060688343
3.244630606211867, 7.230136993489998
3.283260382314611, 7.201755893427466
3.365109369943081, 7.130704005567312
3.4020974744934165, 7.094640269418497
3.432913532060235, 7.053700182227125
3.4557049673739386, 7.0116475432775225
3.4722831450599254, 6.966670852018636
3.4826740869509907, 6.916599670758354
3.48536247140262, 6.868740421737361
3.4826546196147463, 6.760387783809078
3.4800099024584825, 6.655143093443825
3.4771810541477035, 6.542854649358889
3.4745184728561345, 6.437714068605315
3.4716881696885458, 6.325529314739297
3.4690434525322815, 6.220284624374044
3.4663987353760164, 6.1150399340087915
3.4685001426645683, 6.084122467018863
3.4912969554093505, 5.986975426083269
3.516945384676665, 5.877725316336699
3.526060576074536, 5.849828365520181
3.539093850242711, 5.829697360322425
3.557801914792044, 5.812333590703014
3.578654617578204, 5.80091097271216
3.603464170776937, 5.794488873775168
3.6273426452533366, 5.794363711951509
3.73336723596896, 5.808293582777198
3.8377473815347334, 5.822013054960292
3.9420253324705916, 5.835714919312071
4.053288496741842, 5.850341535200566
4.157667569902162, 5.864069144337897
4.269032928803333, 5.8787133680577055
4.373414146774569, 5.8924247032865615
4.477795364745805, 5.9061360385154185
4.589057456611597, 5.920770791358151
4.693333262736544, 5.934488929618404
4.80469969404317, 5.949125016383975
4.909080912014404, 5.962836351612829
5.020448415726491, 5.977464301424162
5.124724221851434, 5.991182439684416
5.229102222606301, 6.004918185775986
5.340365386877552, 6.019544801664479
5.444746604848787, 6.033256136893335
5.5561141085608705, 6.047884086704667
5.660493181721191, 6.061611695841996
5.771754201181528, 6.076254585638962
5.876032152117388, 6.089956449990741
5.980413370088622, 6.103667785219595
6.09177980139525, 6.118303871985164
6.1961588745555725, 6.132031481122496
6.307524233456744, 6.146675704842305
6.411802184392602, 6.160377569194083
6.523066421069312, 6.17499604812834
6.627445494229632, 6.18872365726567
6.7388108531308015, 6.203367880985478
6.84319099869658, 6.217087353168572
6.954455235373288, 6.231705832102828
7.058835380939067, 6.245425304285921
7.163111187064012, 6.2591434425461765
7.274476545965183, 6.273787666265985
7.37885669153096, 6.287507138449079
7.4902241952430435, 6.302135088260412
7.594502146178902, 6.31583695261219
7.624620831659223, 6.322682420786337
7.645774917214189, 6.333979991871775
7.6636342078113, 6.34998566721388
7.677827212303975, 6.371076110022522
7.685909241615379, 6.393545944633683
7.68839223149554, 6.419052474484834
7.683740026944949, 6.518729949038947
7.678492834013746, 6.630827656613467
7.673560286058817, 6.735989953450251
7.668304175386329, 6.848190977296474
7.663379825871164, 6.953353655791684
7.658464394097283, 7.0584130180151945
7.653217201166081, 7.170510725589717
7.648292851650915, 7.275673404084928
7.644433377637182, 7.3047665504347
7.614201627436989, 7.40733992992233
7.5844595026746005, 7.508221231831815
7.552720723944687, 7.615967903699275
7.522994344895661, 7.7168538438003935
7.491239820452387, 7.8245958774762165
7.461464480168102, 7.925575416380833
7.431697012740497, 8.02655727438127
7.399983576675803, 8.134203390157772
7.370231854961559, 8.235189886349843
7.338502673183504, 8.342831363934712
7.308727332899218, 8.44381090283933
7.276972808455945, 8.551552936515145
7.247246429406916, 8.652438876616264
7.217494707692672, 8.753425372808334
7.185765525914617, 8.861066850393197
7.174024811481239, 8.911480152978896
7.170155605944651, 8.959258444904236
7.173617157504563, 9.010279637314152
7.183906029590749, 9.057097675623188
7.2156742633670685, 9.160723961464283
7.221861329438799, 9.189412024081683
7.2207427256318715, 9.213368147038478
7.200852258127196, 9.312736835355121
7.180137074006105, 9.415956594314643
7.158024177883634, 9.526082503187606
7.1373333942163635, 9.629201473278883
7.1152446392651, 9.739332224109347
7.094553855597827, 9.842451194200628
7.0738386714767385, 9.945670953160143
7.064987702447709, 9.975262107421976
7.052300273670207, 9.995613017008194
7.033971900754625, 10.013229447656409
7.013134605015294, 10.025101269149491
6.990070300343869, 10.031671549874456
6.964557137941757, 10.032426774488975
6.865419405324124, 10.021070997454382
6.753927880174991, 10.008301066893232
6.649335212434494, 9.996308851341318
6.537742124478623, 9.983515082576165
6.433149456738122, 9.971522867024252
6.328556788997629, 9.959530651472335
6.217065263848499, 9.946760720911184
6.112576004980567, 9.934776276020939
6.000982917024689, 9.921982507255784
5.896390249284195, 9.90999029170387
5.7847962382954075, 9.897204556709884
5.680201724489088, 9.885228408700307
5.575712465621166, 9.873243963810063
5.464222786537845, 9.86045796570658
5.359630118797352, 9.848465750154665
5.248036107808571, 9.83568001516068
5.143442517035161, 9.823695833379933
5.031952837951847, 9.81090983527645
4.927463579083918, 9.798925390386206
4.81587049112804, 9.78613162162105
4.71127597732172, 9.774155473611474
4.599682889365849, 9.761361704846323
4.495090221625352, 9.74936948929441
4.39060096275742, 9.737385044404164
4.2791103606412, 9.72460708007185
4.174516769867793, 9.712622898291103
4.062923681911915, 9.69982912952595
3.9583310141714216, 9.687836913974037
3.853738346430929, 9.675844698422123
3.7423502301543525, 9.663082538522644
3.637756639380956, 9.6510983567419
3.6074280162345986, 9.644736558367637
3.5142923253803993, 9.608630113403411
3.409660420710826, 9.568064201627916
3.311600149616853, 9.530040336841287
3.2068760739379383, 9.489425506732822
3.108720666418329, 9.451360376480917
3.081083724862517, 9.437570562926412
3.063278852872888, 9.421658292949212
3.049001081162763, 9.400500642512059
3.023347129316444, 9.351485791596637
3.012118268964955, 9.326174329672865
3.008257921873977, 9.302505188438854
3.005688760256361, 9.202648632014373
3.0028094053584686, 9.0904651306056
3.0001162311469325, 8.985325329041201
2.9972629146684224, 8.873037500743484
2.9945711651426192, 8.767794008541225
2.991879415616817, 8.66255051633898
2.9890082652968064, 8.550366802846503
2.986316515771004, 8.445123310644254
2.9834535700288782, 8.332939385068084
2.980761820503075, 8.227695892865832
2.9759174780756537, 8.172944699243939
2.964500600234534, 8.126496061721117
2.9450888452692485, 8.079185812096492
2.8986451166489426, 7.98899795470227
2.872320871563738, 7.944429335191513
2.8399780858733226, 7.904951747609435
2.7691900073149505, 7.832288714123742
2.6957066116920285, 7.75689887355779
2.652644356971041, 7.717014164693795
2.612878413221102, 7.690248402483942
2.566697297632283, 7.668283855107144
2.520837997067214, 7.654330800789337
2.4734534090667855, 7.647089885966694
2.4224190917841946, 7.6469206098553615
2.3718546718610574, 7.6545591730005595
2.326135519613181, 7.668616125694977
2.2828032525527875, 7.689111853408275
2.240322795406555, 7.717581873059032
2.1612138428619505, 7.781084968863975
2.0737123357135925, 7.851348154985077
1.9916303757267455, 7.917272282207464
1.90406089987797, 7.987616327430313
1.8219738027836674, 8.05353405385551
1.7815044244110159, 8.090421720509738
1.751338892774025, 8.127807939134954
1.7255280922125305, 8.171835065838799
1.7076632963901492, 8.216316358834522
1.6963581363433837, 8.26289877848881
1.6917789654566748, 8.313831156441188
1.6945842357202783, 8.361580059866467
1.7042107197941785, 8.408538571703279
1.7217889730829121, 8.456560984799204
1.7302594229859134, 8.480645798884185
1.7324228655742735, 8.506078276246123
1.7265935795785894, 8.60569384745448
1.7200246788101092, 8.71772187891222
1.7138432307649276, 8.822818168759154
1.7072561366112697, 8.934948933933175
1.7010908342764484, 9.040046167131944
1.694521933507969, 9.15207419858968
1.688358678847964, 9.25706775472032
1.6821772308027814, 9.362164044567256
1.6755982095043043, 9.4742952814172
1.6694329071694844, 9.579392514615959
1.6628538858710071, 9.691523751465903
1.6566805106810054, 9.796620512988756
1.6520321624802994, 9.827050865675384
1.621159417048558, 9.922049846339137
1.5864417078831625, 10.028764929967588
1.5538788972104256, 10.128880366935144
1.5191486545159139, 10.23570033549684
1.4866295972069388, 10.335721040519301
1.4540667865342003, 10.43583647748686
1.419313128963703, 10.542648831307451
1.3867784617374075, 10.642664459835833
1.3520482190428964, 10.749484428397533
1.3195010182874831, 10.849604941859166
1.286966351061187, 10.949620570387554
1.2522126934906928, 11.056432924208137
1.2196420778592951, 11.15654582292866
1.2065344067774424, 11.206514932983612
1.201240608625598, 11.257378673656703
1.2033866617389448, 11.305265433216665
1.213208799889218, 11.355451157249833
1.2292326430772134, 11.400518398357168
1.2515857967960178, 11.442922291518695
1.3097650281995847, 11.534370666073691
1.3662807071875478, 11.623193061179645
1.426572564352788, 11.717964310819546
1.4567823528081147, 11.75986980260956
1.4978939211040811, 11.804536338553433
1.5399264515033744, 11.843919721856091
1.587660705754855, 11.88242397866508
1.6284335408610804, 11.908791144675048
1.6720093744482423, 11.92876273195047
1.7210370885156367, 11.94293428594974
1.7685482413961415, 11.949294879352783
1.8196806035597128, 11.948501980990592
1.8669714306214664, 11.940670955455339
1.9125559147748683, 11.92618364638713
2.0130406332262205, 11.885008218213052
2.116779348009627, 11.842482168941181
2.214190192944872, 11.802550130068523
2.3116010378801257, 11.762618091195858
2.4155284361248435, 11.720005954403804
2.462110931083778, 11.697673610721614
2.504325577471983, 11.668811400543282
2.5827566535862614, 11.604636441146802
2.620921320968723, 11.569514765510425
2.6527794751445692, 11.52964497074628
2.676837500545913, 11.488184536559045
2.6956737718154717, 11.440641717135724
2.724796167767696, 11.343467881024473
2.757002853802095, 11.23596830871072
2.7689633585134783, 11.185606681836257
2.7730600185996, 11.134736581919235
2.769799922479058, 11.08691302033453
2.7588152736744123, 11.036968814898437
2.728629993754045, 10.94022841570448
2.722292884489347, 10.911572377604971
2.723536545286978, 10.88607835305615
2.730554139015295, 10.863146068509034
2.7437233179893386, 10.84140161447522
2.760797491403112, 10.82456092263181
2.8039800606024436, 10.789979842494573
2.848950190878208, 10.748280683451945
2.8690412944189867, 10.731542915204022
2.8921469520786203, 10.72069762368755
2.915693626051142, 10.716150335382817
2.939544223413331, 10.717321514567557
3.044563945707596, 10.736916489277872
3.1480535254181388, 10.7562386074187
3.2583691707698343, 10.776827118636339
3.3618572438405447, 10.796157304621618
3.4722739941787686, 10.816768871420031
3.5756624689027827, 10.83606793398008
3.6791520486133287, 10.855390052120905
3.789567292311717, 10.876009686763775
3.8929527537560493, 10.895324885012728
4.0033710107341225, 10.915928383966692
4.106862097084501, 10.935242434263062
4.217176235796353, 10.955839013325152
4.320665815506898, 10.975161131465978
4.4309784475789025, 10.99576577837252
4.53446953392929, 11.015079828668897
4.637960620279673, 11.03439387896527
4.748276265631358, 11.054982390182909
4.851764338702066, 11.074312576168188
4.96217807576062, 11.094940278655512
5.065566550484619, 11.114239341215562
5.175984807462686, 11.134842840169526
5.279475893813074, 11.1541568904659
5.382861355257394, 11.173472088714849
5.493276598955786, 11.194091723357719
5.596766178666333, 11.213413841498545
5.707081824018019, 11.234002352716182
5.810571403728565, 11.253324470857008
5.920986647426947, 11.273944105499876
6.024375122150956, 11.293243168059924
6.134790365849346, 11.313862802702793
6.238178840573355, 11.333161865262841
6.348595590911576, 11.353773432061258
6.452085170622121, 11.373095550202086
6.562400815973808, 11.393684061419723
6.665890395684354, 11.413006179560549
6.694175541261967, 11.420832889740497
6.716111992154199, 11.43388218482217
6.733083372353291, 11.450826802837733
6.746117175744484, 11.472652792468946
6.769068320944614, 11.52298995885836
6.778898265777729, 11.548876546826182
6.781455194504402, 11.572721747567938
6.778586185311914, 11.672466478908573
6.775340365064862, 11.78474363728971
6.7722939919745375, 11.889873795343654
6.769048171727484, 12.00215095372479
6.766018206349954, 12.107281588509062
6.762972925775323, 12.212515441232675
6.759727105528273, 12.324792599613815
6.756382734165508, 12.353949144564249
6.72803069989282, 12.45695044887462
6.700103085783974, 12.558349065386485
6.670283243049672, 12.666642525165189
6.642339959131973, 12.768144306377183
6.614396675214269, 12.869646087589187
6.584600414460817, 12.977838563862864
6.556641306199132, 13.07933598268464
6.526845045445676, 13.18752845895832
6.498909673699964, 13.289032421365427
6.470958477610269, 13.390532021382315
6.441138634875967, 13.498825481161022
6.413211020767122, 13.600224097672884
6.383414760013669, 13.708416573946561
6.355471476095965, 13.809918355158562
6.325651633361667, 13.918211814937262
6.2977004372719705, 14.01971141495415
6.269749241182277, 14.121211014971042
6.239952980428824, 14.22940349124472
6.212001784339129, 14.330903091261607
6.20077187909512, 14.384602999718714
6.198216396087284, 14.432469834606422
6.2030804945561435, 14.48337633521639
6.21465126496049, 14.529893574829766
6.249238043563228, 14.632613477464544
6.256205957910825, 14.661122336092511
6.255762336970146, 14.68499703071193
6.249009834568968, 14.70971868889522
6.237310014951119, 14.73041712560539
6.220897801728783, 14.74790358572045
6.176341078181216, 14.786654933498733
6.135731877130481, 14.82750442635207
6.115015870757447, 14.845878443045885
6.093630869959609, 14.856732625774653
6.070275914761654, 14.862180778418473
6.044858821352047, 14.861712903424701
5.946279287229687, 14.845588133973198
5.835529756223233, 14.827478179280448
5.731632805771311, 14.810482254796499
5.620783007864332, 14.79234340292532
5.516990303984214, 14.775352077411723
5.413094680089382, 14.758348053525081
5.302346475640027, 14.740229999429637
5.198449525188097, 14.723234074945685
5.094553901293262, 14.70623005105904
4.983704103386286, 14.68809119918786
4.879807152934348, 14.671095274703912
4.769058948485004, 14.652977220608474
4.665163324590165, 14.635973196721826
4.561370620710046, 14.618981871208224
4.450520822803077, 14.600843019337042
4.346622545794045, 14.583855194255786
4.235873014787601, 14.565745239563043
4.131978717449858, 14.548733116273704
4.021233166114698, 14.530598863372871
3.917337542219857, 14.513594839486222
3.8134392652108415, 14.496607014404969
3.7025881407467702, 14.478476261936484
3.5987954368666526, 14.461484936422888
3.4879482920738756, 14.443329885746321
3.384154261636661, 14.426346659635414
3.280255984627638, 14.409358834554155
3.1694048601635703, 14.391228082085666
3.065509236268737, 14.374224058199024
2.954763684933573, 14.356089805298195
2.85086673448165, 14.339093880814247
2.7470713774873396, 14.322118754106036
2.63622157958037, 14.30397990223485
2.5323259556855406, 14.286975878348205
2.421476157778561, 14.268837026477023
2.3176808007842613, 14.25186189976882
2.206831002877285, 14.233723047897639
2.103038298997171, 14.216731722384038
2.074581799322944, 14.209554712883104
2.052352695100001, 14.197010637971838
2.035068211363272, 14.18053431311697
2.021431930403091, 14.158836450528149
2.0140763961090693, 14.136118422874045
2.0124019519591942, 14.11075221772914
2.0201962054800964, 14.011167164984716
2.0284420988276146, 13.906212671596267
2.03723182064971, 13.794233034616182
2.045461589947108, 13.689277280718514
2.0542189556455663, 13.577502986562664
2.062448724942965, 13.472547232664992
2.070694618290484, 13.367592739276542
2.0794762780875184, 13.255612472041857
2.0877060473849185, 13.150656718144187
2.0964755601326637, 13.03877943744892
2.104701244405833, 12.933927300345276
2.113490966227929, 12.82194766336519
2.1217207355253263, 12.716991909467529
2.1305023953223636, 12.605011642232839
2.138732164619761, 12.50005588833517
2.139773024239371, 12.44840669428544
2.133017981707609, 12.397716673059975
2.109525294422493, 12.291906835050527
2.095391848286377, 12.242110928373597
2.0756475611808654, 12.198431095251058
2.0479803695699776, 12.155546228225646
1.9858068632334716, 12.075257006315272
1.9495534884793562, 12.034080189351801
1.9127690141263363, 12.00334477623135
1.824232427398771, 11.940823584480421
1.7802894612212896, 11.913466806727662
1.7363037717550667, 11.894414530039441
1.6869898561634749, 11.88127316929847
1.636145454798034, 11.875797942539942
1.5347242416624305, 11.873651139301664
1.4829971786075637, 11.875563995457984
1.4327776236542011, 11.885213723481138
1.384716734723799, 11.902381762871148
1.2925583245335863, 11.944532492349394
1.1968213867436204, 11.988326070051105
1.1483684164340788, 12.014276527842576
1.1101310692785618, 12.043012028338236
1.0289076980690395, 12.115090852516722
0.9923302003535881, 12.151571111501694
0.9637486568019029, 12.190052603277099
0.9396658778333785, 12.235164638113126
0.9236217675939482, 12.280224681987837
0.9137942062235751, 12.330304202272382
0.9116205464969073, 12.378293407781824
0.9152897603589524, 12.479670957166595
0.9193614625529685, 12.591817511481747
0.9231820292229244, 12.697026069893857
0.9272537314169409, 12.809172624209008
0.9310660961398168, 12.914381479508041
0.929321943711177, 12.945218702509942
0.907585909591632, 13.042714745991224
0.8831213995138963, 13.15234223366908
0.8601831765064617, 13.255090845845489
0.8373058602667816, 13.357640717602274
0.812849242117063, 13.46726996906614
0.7899268029656662, 13.57002210881456
0.7654544009599119, 13.67964783270641
0.7425240698804961, 13.782398208668825
0.7330666861180637, 13.811692595899348
0.7199444492002953, 13.831766040989871
0.7011599320874571, 13.849046709051716
0.6800633348304519, 13.860451972769521
0.6569597476195009, 13.866488327910046
0.6314362339316681, 13.86669336039063
0.532565011010032, 13.853212889486247
0.421271322246809, 13.838033620226591
0.3170629339958283, 13.823812426901622
0.21275243163189714, 13.809573164651765
0.10145985199074783, 13.794385763361245
-0.002851759495240082, 13.780154633142248
-0.11404222502345415, 13.764985300776617
-0.21835383650944828, 13.750754170557622
-0.3295431929156031, 13.73557670616112
-0.43385591352365294, 13.721353707972991
-0.5381664158875847, 13.707114445723128
-0.6493557722937289, 13.691936981326636
-0.7536673837797198, 13.677705851107644
-0.8648578493079381, 13.66253651874201
-0.9691694607939216, 13.648305388523015
-1.0734799631578533, 13.63406612627315
-1.184771433676939, 13.618870592951765
-1.288979821927926, 13.604649399626798
-1.4002735106911455, 13.589470130367141
-1.504585122177137, 13.575239000148143
-1.5331204258456275, 13.568836165751
-1.632611464933042, 13.529634251807652
-1.7304606643051472, 13.491070477307591
-1.828407768097949, 13.452472519441443
-1.932911589305333, 13.411294284944603
-2.030760788677446, 13.372730510444544
-2.1352555800774455, 13.331529369545146
-2.23319967393445, 13.292923776211481
-2.3310488733065644, 13.254360001711417
-2.3587050818929773, 13.240380261559336
-2.3764133604743174, 13.224360051985647
-2.390568664234524, 13.2031202839818
-2.398558279762169, 13.1805084202941
-2.4008980738132157, 13.155194821461302
-2.3957535756271753, 13.055541525270245
-2.390322061244607, 12.950403810386218
-2.3845270203088758, 12.838229319309157
-2.379079354544731, 12.733092445108726
-2.3732681622274225, 12.620918794715267
-2.3678204964632785, 12.515781920514836
-2.3633822846412063, 12.485320656538697
-2.3331567736884193, 12.390113771598505
-2.2991856274313682, 12.283158686169601
-2.267330064597269, 12.18281597039334
-2.235466678894812, 12.082475737117498
-2.201495532637766, 11.975520651688598
-2.1696243240669486, 11.875182900913183
-2.156835051702104, 11.825024792940491
-2.1519026850125096, 11.774228562073818
-2.154372249569457, 11.726357510202712
-2.1687405262827646, 11.6188230993574
-2.1785464616200985, 11.56810256240024
-2.195777811627384, 11.519955062956967
-2.2184280336671245, 11.477709073434223
-2.273465154042411, 11.392492958244791
-2.3060580629162484, 11.348362546608
-2.3400735468064315, 11.314588129791616
-2.423016232423137, 11.244655251703838
-2.4643804672100167, 11.213708116444554
-2.5065718525671343, 11.190956773799533
-2.5546790749758586, 11.173613066229061
-2.601682067238633, 11.164206584875325
-2.652655684618847, 11.161703063766712
-2.7003542361748756, 11.16645746895163
-2.807078234786049, 11.185953224120107
-2.910642252448768, 11.204872385969418
-3.0209338539360404, 11.225020548490045
-3.1244978715987743, 11.243939710339356
-3.2280589766416523, 11.262874781007648
-3.28140482095902, 11.276117946189943
-3.3256253865316485, 11.294619168227074
-3.36935974846199, 11.321122263742117
-3.4061539666092595, 11.351683786519617
-3.4401679658340623, 11.3897308346454
-3.466529029767109, 11.4298898730537
-3.4879111427952036, 11.47622951996164
-3.501343524501706, 11.522244104094263
-3.5080422678102923, 11.569708622152662
-3.5076194204499767, 11.620844778918931
-3.498089373336154, 11.721735976218536
-3.4875157174972746, 11.833561257105377
-3.4776022934372186, 11.938371378354429
-3.4773452384292236, 11.967717568618601
-3.4928125984475957, 12.073424083426145
-3.5080561469289364, 12.17748783672742
-3.524344628792194, 12.288624602616897
-3.5396153842812574, 12.392789094575074
-3.554858932762598, 12.496852847876337
-3.5711311734962776, 12.607991994106307
-3.5863856878557616, 12.71215886640499
-3.6026632038408777, 12.823192513297053
-3.6179258387651534, 12.92735819542548
-3.6252169442695927, 12.957371509499948
-3.636826272812543, 12.978356260798627
-3.6542109019804156, 12.996904103519368
-3.6743991397484574, 13.009849013974343
-3.6970894853914302, 13.017612945758442
-3.7225287402311986, 13.019697462385762
-3.8220233432038433, 13.013581926725783
-3.9341344595100813, 13.006668421940736
-4.039212775162441, 13.000188605647738
-4.144291090814801, 12.99370878935474
-4.256402701715795, 12.986803356053134
-4.285332431626581, 12.982524528050424
-4.387352773210082, 12.9508234258405
-4.4878855044238986, 12.919572676511754
-4.595146483186435, 12.88622930785102
-4.695679214400245, 12.854978558522275
-4.802744702154203, 12.82170446018706
-4.903277433368025, 12.790453710858307
-5.003810164581823, 12.759202961529562
-5.111071143344362, 12.72585959286883
-5.211603874558168, 12.694608843540083
-5.318767107816413, 12.661300110042113
-5.419202093525944, 12.630083995876118
-5.526463072288469, 12.59674062721539
-5.626995803502287, 12.565489877886643
-5.734256782264825, 12.53214650922591
-5.834789513478622, 12.500895759897169
-5.935224499188146, 12.469679645731178
-6.042387732446403, 12.4363709122332
-6.092724825904546, 12.423869722813249
-6.143550609504398, 12.419255133275636
-6.191302408569775, 12.422011518505213
-6.238269938576918, 12.431591898233902
-6.342454825593173, 12.461850878324707
-6.371230924140868, 12.467614365938486
-6.396592625136189, 12.465873245954228
-6.494230864273467, 12.44478515983361
-6.604023144336193, 12.42107120423422
-6.706925056208323, 12.39883079254795
-6.809826968080478, 12.376590380861675
-6.919414937739145, 12.352912095575238
-7.022318580002769, 12.330679706720327
-7.132110860065496, 12.306965751120934
-7.235012771937636, 12.284725339434662
-7.26306478153819, 12.27610156773612
-7.284541650760099, 12.262499639280307
-7.301040290649657, 12.245094415469417
-7.313510255865248, 12.222823607268912
-7.319732723688088, 12.199662909429572
-7.3201038313924185, 12.174243818934675
-7.307296792228519, 12.075283104827319
-7.293758080018592, 11.970879365600545
-7.2793164859681, 11.859487552595736
-7.265794051850667, 11.755081700547214
-7.251378003788567, 11.643791060170804
-7.23784743062489, 11.539386264533164
-7.223406965424049, 11.428098793389365
-7.209868253214121, 11.323695054162583
-7.195442937256123, 11.212301128336028
-7.1819205031386915, 11.107895276287513
-7.168399197870908, 11.003593766100026
-7.153941325727923, 10.892204065916944
-7.139517138619573, 10.7809144819514
-7.125994704502143, 10.67650862990289
-7.119761862649449, 10.647830531647596
-7.081265834935853, 10.548175314085679
-7.043367459956147, 10.450066469876829
-7.002890140742373, 10.345289164666932
-6.9649429078250815, 10.247088117420185
-6.924457933802495, 10.142313772612248
-6.88651835569402, 10.044109764963546
-6.846115787928976, 9.939525747035335
-6.80816855501169, 9.841324699788595
-6.7676835809890985, 9.736550354980645
-6.72973634807181, 9.638349307733906
-6.689259028858032, 9.533572002524
-6.65136065387833, 9.435463158315164
-6.634818974698419, 9.383155054962547
-6.627497047956141, 9.335782825597809
-6.627249335185486, 9.284645321651682
-6.634115854186781, 9.237204943544096
-6.6567363536865, 9.138315199365485
-6.660804210629823, 9.107698093699849
-6.657599813354603, 9.084035209713575
-6.648828997265582, 9.061714736512643
-6.634016294263195, 9.041054742745974
-6.596976455407051, 8.999961876227946
-6.5593226235963495, 8.95155400607797
-6.542137592321511, 8.93170777228057
-6.5211720355952005, 8.9173302272729
-6.498674209811106, 8.909024558454716
-6.474845731455188, 8.906316430881619
-6.449653170406691, 8.909720515176538
-6.3536999141853645, 8.937110621489808
-6.245691295781932, 8.96794627128721
-6.144458125765422, 8.996847581429424
-6.036453953343135, 9.027698781375614
-5.935225229307768, 9.05661564166662
-5.8339942822818385, 9.085524726883227
-5.726184941772147, 9.116303484337827
-5.624951771755632, 9.145204794480044
-5.516947599333346, 9.176055994426234
-5.415718875297979, 9.20497285471724
-5.307712479885115, 9.235816279589038
-5.206678587762348, 9.264660697388452
-5.098672192349493, 9.295504122260246
-4.997443468314125, 9.324420982551251
-4.8894392958918305, 9.355272182497444
-4.788206125875329, 9.384173492639658
-4.737793125467819, 9.39545238172761
-4.630388220938038, 9.410006168967708
-4.578777968657915, 9.41397602375885
-4.4702922092255974, 9.413007567711844
-4.365018630255361, 9.412053141751178
-4.252802868619005, 9.411027839898185
-4.1475294378204035, 9.410056999969193
-4.035210098251147, 9.409026659274469
-3.930040171299631, 9.408069065171368
-3.8177206835587447, 9.40705513844497
-3.7884588144512166, 9.40929476826638
-3.6913130041850337, 9.432096845726782
-3.58196294102786, 9.457772907322456
-3.479574751576767, 9.48182056253586
-3.3702303237366533, 9.507520592525331
-3.2678421342855666, 9.531568247738734
-3.1584920711283857, 9.55724430933441
-3.0560020737141955, 9.581311685520303
-3.026717314703715, 9.591127855971967
-3.0068784610080264, 9.60441799452365
-2.9897417324149447, 9.623472598494246
-2.9786229140648706, 9.644605052260488
-2.9726505232460396, 9.669315344224781
-2.9729010172897103, 9.693295772470098
-2.988532811917648, 9.799082844916562
-3.0039160047407276, 9.903126054770285
-3.0203067770213026, 10.014143041114743
-3.0357091453475133, 10.118288163078565
-3.0521434516963044, 10.229403469736006
-3.0675458200225165, 10.333548591699836
-3.082940068827031, 10.437694910929364
-3.087542691452618, 10.49236348783852
-3.0842493195322658, 10.540184913553768
-3.0732558004375186, 10.590021428735202
-3.042964760687708, 10.686837342666324
-3.0246662411250247, 10.735257933957502
-2.999517550715753, 10.779784712719534
-2.970097261723275, 10.817497826711415
-2.8966433518567882, 10.897339061417052
-2.859445077783529, 10.933334463004721
-2.817795871166972, 10.962828884086969
-2.775011183157579, 10.984443955085844
-2.726457663178333, 11.000495272672392
-2.6793237309067672, 11.008633529852997
-2.631406963576156, 11.009944909882933
-2.5230757654079223, 11.004075558088898
-2.4180555865650692, 10.998384023351276
-2.305895334042615, 10.992319738328018
-2.2007719129409358, 10.986618466337122
-2.146283408099753, 10.980231338512189
-2.1000786546961008, 10.967468402155506
-2.053346043370697, 10.946703050793118
-1.9645236767096628, 10.897698390501985
-1.918241530268481, 10.868240184217782
-1.8821949292881552, 10.836642606251502
-1.8066859500911279, 10.75874208823962
-1.733423154583161, 10.683137854545501
-1.6996862048487762, 10.644016006169139
-1.672567682134689, 10.600660736766836
-1.6534434868689887, 10.55670608288414
-1.6408119231447147, 10.510465666054298
-1.634787497444402, 10.459787747884542
-1.6362280871023198, 10.41187452437129
-1.6453139133889236, 10.361549961783448
-1.660674197711063, 10.316252181672201
-1.6866392393978684, 10.26137880018845
-1.6965639296053092, 10.237185302306743
-1.6999351027315723, 10.213441420482194
-1.7004975618958147, 10.106610754341679
-1.7010397678144795, 10.00133424139043
-1.701636858599281, 9.889011753520284
-1.7021908699588388, 9.783838918579377
-1.6994937962503105, 9.753070469501415
-1.674748472737273, 9.656294432092315
-1.6486448641098697, 9.554304038809693
-1.6208142639049001, 9.445589329676883
-1.5947323365204067, 9.343700344982723
-1.5668721033308992, 9.234886259472761
-1.5407764464451237, 9.13289383397883
-1.5146648860760923, 9.030905472907518
-1.4868046528865886, 8.92209138739757
-1.4607227255020954, 8.820202402703403
-1.4329000770387526, 8.711485661359278
-1.4068044201529772, 8.609493235865344
-1.3789441869634727, 8.500679150355388
-1.352832626594439, 8.39869078928407
-1.3250020263894722, 8.289976080151263
-1.2989063695036958, 8.187983654657334
-1.2728323938608321, 8.086092637751857
-1.244972160671328, 7.977278552241908
-1.218860600302293, 7.875290191170591
-1.191000367112787, 7.766476105660631
-1.1649263914699224, 7.6645850887551585
-1.1371037430065811, 7.555868347411033
-1.1271717143295046, 7.504961987090482
-1.1251409211083572, 7.4539675698074745
-1.1298280926991022, 7.3526319971281
-1.135788355502124, 7.298095036919619
-1.1481897903288096, 7.251792076803921
-1.182299566531902, 7.156254684630359
-1.2039450299351244, 7.1058435324457765
-1.2293464071744031, 7.065192018229479
-1.2625652768131153, 7.026312414381902
-1.3348438891960048, 6.955131854981429
-1.376356636493361, 6.9191054915314005
-1.416925993224506, 6.893573305030274
-1.4636616122991954, 6.873071756944558
-1.5098205271700713, 6.860535098999126
-1.5606093735739373, 6.854570335368452
-1.6085204392241765, 6.856083441278084
-1.6557202355462861, 6.864447710775113
-1.7567011144674305, 6.89193781142349
-1.8581659536099002, 6.919623853741723
-1.9665263884472939, 6.9491993808726535
-2.0680901143785833, 6.976916651080719
-2.1695549535210463, 7.00460269339895
-2.277919708106009, 7.034162384492123
-2.326983299129177, 7.0506585035755
-2.372318433660658, 7.074094829876755
-2.4111780493606174, 7.102159935067711
-2.445550097219251, 7.135422609490065
-2.517189377087628, 7.217033927584593
-2.5489530931142945, 7.25777397582016
-2.5738953980350696, 7.30241668161823
-2.5908214098481746, 7.347263411266113
-2.601139637199094, 7.393968391853841
-2.6046702677735416, 7.444881032974444
-2.6008615071066683, 7.49276821272245
-2.5893289927293885, 7.5424829419789
-2.5838510833486246, 7.567525076755414
-2.584815930413771, 7.592928559836614
-2.602835205912628, 7.691179454773196
-2.623094363928697, 7.801556059721882
-2.642099436109285, 7.9051043321567525
-2.6623585941253545, 8.015480937105437
-2.6813636663059413, 8.119029209540296
-2.701653650335269, 8.229505505286802
-2.7093604114028613, 8.257716339103006
-2.72138358405479, 8.278466735376194
-2.73791911170668, 8.295694305963192
-2.759571245818875, 8.309210395031846
-2.7824099188780744, 8.316525884840049
-2.806230290140742, 8.318199901533523
-2.912833659653292, 8.311212417070296
-3.0178844014563095, 8.304300181198212
-3.1299653084084316, 8.296913304997117
-3.234912385058809, 8.290003773609657
-3.265513088237291, 8.2851152059492
-3.360190026485501, 8.253595036778211
-3.4599744674113664, 8.220358047034715
-3.5665465542283177, 8.184874408278489
-3.6664331467821873, 8.151616199189524
-3.7730026765751945, 8.116124888725698
-3.872886712105137, 8.082859007929132
-3.9792570526900075, 8.047425479571444
-4.07914620226781, 8.014174942190081
-4.185715732060826, 7.978683631726254
-4.28559976759076, 7.945417750929686
-4.385483803120709, 7.9121518701331155
-4.492053332913713, 7.876660559669296
-4.591842887887452, 7.843438913341
-4.698312823076387, 7.807976493930248
-4.798196858606326, 7.77471061313368
-4.898080894136268, 7.7414447323371105
-5.004652980953213, 7.705961093580891
-5.104539573507089, 7.672702884491922
-5.1544161773046095, 7.659249313580047
-5.205241209922464, 7.653599603725165
-5.253141338597627, 7.655418449756415
-5.303293462800481, 7.6648682587480454
-5.328440618789474, 7.669280909449032
-5.435215855661642, 7.67276746574885
-5.540438076210896, 7.676191353597421
-5.652599506643313, 7.6798303919971
-5.7578219912363275, 7.683246076775595
-5.787128771917367, 7.6816986941055125
-5.891674745523811, 7.659715853051225
-5.994595547783378, 7.638060816677554
-6.1045140531135855, 7.6149389658711195
-6.2075387591231745, 7.59327448352174
-6.237139812367163, 7.584105614789597
-6.257194371663108, 7.571332925291109
-6.273788467582509, 7.5540189921693
-6.286386884573769, 7.531820581844584
-6.30818237202522, 7.4809724645113675
-6.317420842357176, 7.454869041320604
-6.319438306418308, 7.430972037667555
-6.314292500315582, 7.331215054218446
-6.308508151337295, 7.2192475271470515
-6.303076636954723, 7.114109812262999
-6.297273520328201, 7.001935741527735
-6.291825854564055, 6.896798867327287
-6.286394340181486, 6.791661152443249
-6.281964423804125, 6.761198427589011
-6.251738912851338, 6.665991542648815
-6.217740335915915, 6.558936450540173
-6.185920026628558, 6.458691258943218
-6.1519370954298545, 6.351631201833728
-6.120101140405778, 6.251390975237616
-6.088229931834965, 6.151053224462201
-6.054239177767901, 6.043995649853136
-6.022383614933807, 5.943652934076874
-5.988420291545122, 5.836695366147539
-5.956556905842666, 5.73635513287169
-5.92472095081859, 5.636114906275579
-5.890730196751529, 5.529057331666521
-5.8588746339174325, 5.428714615890244
-5.824868234113653, 5.321662006282039
-5.793032279089576, 5.221421779685921
-5.7590415250225115, 5.114364205076853
-5.727221215735159, 5.014119013479904
-5.695365652901059, 4.913776297703621
-5.661359253097277, 4.806723688095407
-5.648599636220436, 4.756665028843781
-5.643654004784805, 4.705766635930461
-5.646132231383908, 4.657896008703436
-5.6595782991443935, 4.5573471569705335
-5.674464239558768, 4.446118396990116
-5.675862652523195, 4.41680370286233
-5.664484336628622, 4.310579221568699
-5.653259317675026, 4.2059014472212946
-5.641302599768747, 4.09421557815786
-5.635719387176016, 4.065508668049132
-5.625329933687669, 4.044008158253861
-5.608855355527361, 4.0243784590860985
-5.589482494898709, 4.010417265375281
-5.565748387620917, 4.00102692901596
-5.542068259632707, 3.997951474037968
-5.442180917709678, 3.9986231637835763
-5.3298594717520515, 3.999391653687614
-5.217745318447754, 4.000166841972602
-5.112469817142409, 4.00088005213544
-5.007194315837065, 4.001593262298278
-4.976359580960726, 4.004676957851053
-4.879993703461663, 4.030577920342822
-4.771621115709753, 4.059712286666405
-4.669953480067027, 4.087045966061126
-4.568285844424301, 4.114379645455847
-4.459814247896068, 4.143544850721008
-4.3581487409860635, 4.17088645656353
-4.249776153234156, 4.20002082288711
-4.14820752636776, 4.227323663340247
-4.039735929839519, 4.256488868605414
-3.9380682941967926, 4.283822548000137
-3.8296009551340022, 4.313003606160901
-3.7280323282676084, 4.3403064466140355
-3.6263625638921497, 4.36763219956096
-3.517989976140255, 4.396766565884537
-3.4163223404975307, 4.424100245279259
-3.3078528727020124, 4.453273376992225
-3.206185237059296, 4.480607056386944
-3.104616610192888, 4.507909896840082
-2.9962418937082647, 4.537036336715861
-2.894576386798262, 4.564377942558383
-2.7861047902700298, 4.593543147823547
-2.6844371546273047, 4.620876827218269
