0.0, 0.0
0.09823176, 0.0
0.20350968, 0.0
0.30878760000000005, 0.0
0.42111168000000004, 0.0
0.5261823600000001, 0.0
0.6385064400000001, 0.0
0.74378436, 0.0
0.8490622800000001, 0.0
0.96138636, 0.0
1.0666642800000001, 0.0
1.17173496, 0.0
1.28405904, 0.0
1.38933696, 0.0
1.5016610400000001, 0.0
1.6069389600000001, 0.0
1.7190558, 0.0
1.81044864, 0.0
1.9296116400000003, 0.0
2.03488956, 0.0
2.14016748, 0.0
2.2524915599999997, 0.0
2.2817315464558434, 0.002512476976881977
2.305594981970807, 0.011276262525514762
2.325392037461431, 0.024811662706275297
2.4046195433128106, 0.0964783133554123
2.482686158437704, 0.16711145781164768
2.5659003229502124, 0.24240309896791534
2.6439724452480617, 0.31303015810380047
2.684302092249812, 0.34547823172328723
2.728472559240807, 0.3710422598727473
2.7730533511866264, 0.38865675846337916
2.8228700968701763, 0.4002056984798814
2.9301677528261485, 0.4155300978046372
2.9817488293550394, 0.4198622096296004
3.029584407743624, 0.4167812201336132
3.076485364701204, 0.40688075183808825
3.1803735215727547, 0.37597969926470565
3.281275452501336, 0.34594242529189806
3.3327766517367046, 0.32703681052845707
3.374737187023823, 0.3038622375438046
3.4129431142711786, 0.27491314800536554
3.448684320143018, 0.2383386002379325
3.4767405009832695, 0.19947210268453047
3.5001705582068525, 0.15413377460772462
3.5156150034380773, 0.10886463771782802
3.52445554760147, 0.061646953885969066
3.5263189010709843, 0.01064584384639558
3.5212870030999786, -0.09067320592890742
3.516052585482346, -0.19582090699097876
3.510487486957747, -0.30790328726554755
3.504921306776836, -0.42008936232362726
3.4996868891592046, -0.5252370633856976
3.4944524715415732, -0.6303847644477694
3.4888791759609226, -0.7424667344178374
3.4899044975032436, -0.7716939777125317
3.510101162048469, -0.8767051744622407
3.5300052196070246, -0.9800844115417442
3.5379953694397, -1.008323455679599
3.5511103513004114, -1.0301010827401123
3.5681397975362446, -1.0469872953044066
3.5901244142148263, -1.0599551516510333
3.6131391302594396, -1.0666974620246839
3.6368911923926364, -1.0677776706399473
3.73776892333692, -1.0570791974911757
3.8424525246642447, -1.045908620980731
3.9541427405650604, -1.0339925761851387
4.058828088030897, -1.022838321173131
4.163513435496735, -1.011684066161123
4.27510105668268, -0.9997831244310494
4.379681190225881, -0.988619490236904
4.491372279195954, -0.97671160619053
4.596057626661791, -0.965557351178522
4.707749588701119, -0.9536576278813669
4.812330595313573, -0.94250215443644
4.92391647036101, -0.9305848912079291
5.028601817826849, -0.9194306361959206
5.133287165292688, -0.9082763811839121
5.244979127332017, -0.8963766578867565
5.349662728659346, -0.8852060813763112
5.461248603706782, -0.8732888181477998
5.565830483388493, -0.8621415054520909
5.6775224454278215, -0.8502417821549348
5.78220779289366, -0.8390875271429261
5.893898008794479, -0.8271714823473332
5.998581610121807, -0.8160009058368876
6.103163489803519, -0.8048535931411783
6.133440016498921, -0.7987476765019892
6.226857463287601, -0.7633765900959737
6.331805055944844, -0.7236345165284047
6.43026214098241, -0.68635663337578
6.528617954117395, -0.649103899776059
6.633658106565618, -0.6093136475476791
6.732109383528783, -0.572020411656451
6.837155344051406, -0.5322455121666759
6.935609525051771, -0.49495995264474957
7.040458749843637, -0.4552507049993878
7.138910026806801, -0.4179574691081586
7.243953083292222, -0.3781748932490827
7.293239725706693, -0.36269782576457366
7.340694290546267, -0.3552302694357724
7.391727709194327, -0.3548454485140601
7.439188160442415, -0.3615708225401471
7.48820157666636, -0.37615731131629787
7.511126966892183, -0.38286172266216034
7.536631299469767, -0.3838691219731292
7.561560726887056, -0.37839043626927693
7.582915067586585, -0.36770374762434066
7.601126720615214, -0.35225841340390857
7.642219266389639, -0.30956333829579985
7.65922983201095, -0.2898390702084264
7.670510778568776, -0.2668284306232029
7.675420691215878, -0.2435643114203779
7.674668236574909, -0.2195942024511448
7.656853199307426, -0.11425792767077059
7.6392972843291735, -0.010454135148002797
7.620569600911931, 0.10029770238548438
7.6030188388353315, 0.20399727424874653
7.584258786463621, 0.3147436334585679
7.566694779246752, 0.41854605640041975
7.55031063270749, 0.5154018039124688
7.530424425991526, 0.6329988353780848
7.512860418774656, 0.7368012583199354
7.49530156445944, 0.8404994606022802
7.476557696564962, 0.9512485589739369
7.458993689348093, 1.055050981915788
7.44027925107112, 1.1656999683706841
7.422707151615634, 1.2695010217316187
7.403963283721157, 1.3802501201032733
7.386420613883175, 1.4839510615474514
7.367676745988698, 1.5947001599191042
7.350112738771829, 1.6985025828609561
7.332553884456613, 1.8022007851433004
7.313818108800753, 1.9129512530958708
7.296262193822501, 2.0167550456186385
7.277539663306911, 2.127402662492622
7.259967563851425, 2.2312037158535594
7.2412288488586, 2.3418485935657096
7.223672933880347, 2.4456523860884802
7.206117018902095, 2.54945617861125
7.187402580625121, 2.660105165066149
7.169830481169635, 2.763906218427087
7.151070428797924, 2.8746525776369114
7.133527758959942, 2.9783535190810917
7.11597184398169, 3.0821573116038605
7.108032702544785, 3.112005477264118
7.0950153219670185, 3.1339610546470538
7.078096587340215, 3.1509577354232765
7.056197346359909, 3.164069721600569
7.033327592530842, 3.170938966805202
7.009481275279129, 3.1721899631659793
6.909940395850225, 3.1638504789931843
6.798009724323672, 3.1544577307552584
6.686285566951225, 3.1450823123111293
6.581376376664346, 3.1362787770622984
6.46944570513779, 3.1268860288243725
6.3645365148509105, 3.1180824935755416
6.25962732456403, 3.1092789583267106
6.147696653037475, 3.0998862100887847
6.042787462750595, 3.091082674839954
5.9310633053781485, 3.0817072563958248
5.826154115091268, 3.072903721146994
5.721244924804387, 3.064100185898163
5.609313580188209, 3.0547154962220984
5.504404389901329, 3.0459119609732674
5.392680232528882, 3.0365365425291384
5.287771042242003, 3.0277330072803075
5.1828618519551215, 3.0189294720314765
5.15235496655242, 3.013485715220385
5.058259557277538, 2.9802698188570997
4.952444563092158, 2.942898500856969
4.853181552272328, 2.907822970220691
4.7539130767970095, 2.872762917887012
4.64800174029223, 2.835353234073964
4.548829607136309, 2.800331547553202
4.442918270631529, 2.762921863740155
4.343652527483955, 2.7278540722551785
4.2378375332985705, 2.690482754255048
4.138569057823252, 2.6554227019213683
4.039300582347938, 2.62036264958769
3.933488320490296, 2.5829835924362587
3.8837625988127686, 2.5686050359540338
3.8330474905948795, 2.5620435004001445
3.785225566980138, 2.5629873972985124
3.734907706706662, 2.571511926044374
3.6893496995754287, 2.5864194154150844
3.634207578522064, 2.6118088424470525
3.6098161062941068, 2.621517315217384
3.5860371026301645, 2.6246309634759184
3.4847189064597894, 2.622537426976723
3.3794646748464587, 2.6203048298876452
3.2672696693905405, 2.617915446229385
3.1620152621278477, 2.6156910545790537
3.1312279675630745, 2.6121652575786922
3.109154196279707, 2.603329199206242
3.08963991438619, 2.5893890160665154
3.0731469814362873, 2.5699089793252528
3.0626196512999164, 2.548361199743208
3.05740137531691, 2.523480737823086
3.058384387950011, 2.4995190139163737
3.0771891349844758, 2.3943549144596488
3.0957368722553014, 2.290723743431969
3.1142846095261247, 2.187092572404294
3.1340536104743926, 2.076627122246209
3.1526013477452155, 1.9729959512185369
3.172392616037112, 1.8624292195541743
3.1909403533079357, 1.7587980485265027
3.2107012749208255, 1.6483311546172021
3.2292267448480194, 1.5448012650958165
3.2355083430041076, 1.4901966220836103
3.2336834324614494, 1.4424000439086575
3.2250178289623372, 1.395254815421528
3.1967890996193478, 1.290501607992908
3.180436290246262, 1.241389815703706
3.1588093607376284, 1.1987272356860967
3.103236416182192, 1.1100453145792952
3.0732351185675584, 1.067863890169615
3.0376787896248754, 1.0312542344215359
2.99956535754626, 1.002183497633373
2.954761743900127, 0.9775302708937547
2.9098059533839282, 0.960894534352471
2.8629319008131553, 0.9508666170023977
2.7591367672223455, 0.9383074648857467
2.654613775542054, 0.9257223685520194
2.54309515056033, 0.9122949626211531
2.4385711953091027, 0.8997178952973253
2.3270525703273783, 0.8862904893664593
2.2754917412989077, 0.8831029160375519
2.224564795377857, 0.8877495883501856
2.1779998146396404, 0.8991279811170649
2.1336361653391887, 0.9170081044987356
2.089637148775148, 0.9428655721519607
2.0523535253839387, 0.9729929719550591
2.017775819477827, 1.0106691063867563
1.9909462658775514, 1.0503926111500181
1.9377792393215538, 1.1448430793257134
1.8861362338635348, 1.236584226875204
1.8344932284055155, 1.3283253744246974
1.7793919005005372, 1.426205607948382
1.7567054435369993, 1.4726172083922213
1.7422326202763663, 1.5183150165766532
1.7341741629202674, 1.5688140454907213
1.7337014346181052, 1.616643000103158
1.740763176683626, 1.6672911286442325
1.7543323754179125, 1.7132653935640292
1.7908146411771435, 1.8078111641587018
1.7992548598843667, 1.8376283739427448
1.7994559863482562, 1.8616095241715753
1.78593194708213, 1.9674777407792596
1.7725805885196217, 2.071905607706479
1.758333471575765, 2.1833224650949843
1.7449658303449793, 2.2877482547584598
1.730719614355204, 2.3990607680692886
1.7173763971268339, 2.5034896736283847
1.7031464638053346, 2.614804264202961
1.689786963908687, 2.719231092498308
1.6764193226779, 2.823656882161785
1.662164064399904, 2.935072700918414
1.6488298894597533, 3.039398301031708
1.6354866722313834, 3.1438272065908053
1.6212485975757462, 3.2551407585335066
1.6078809563449599, 3.359566548196982
1.5936256980669643, 3.4709823669536126
1.5802743395044563, 3.5754102338808322
1.566052547517096, 3.68672586308728
1.5527020899086676, 3.7910493859368337
1.5393344486778822, 3.8954751756003074
1.526878848496722, 3.992914052066252
1.511735973171518, 4.111319899916032
1.4992803729903585, 4.2087587763819725
1.4859127317595722, 4.313184566045449
1.4716665157697963, 4.424497079356276
1.4583232985414272, 4.528925984915366
1.454751300570595, 4.580565636879484
1.459027390378646, 4.63152457984713
1.470027343111097, 4.678073914486357
1.5034485399250603, 4.781287877380413
1.522188874915505, 4.82942844849039
1.547776361546328, 4.873705165579133
1.577639070022721, 4.911201599121224
1.6470559577702435, 4.9851756757864445
1.723855541889752, 5.0670001962425335
1.7614087529834173, 5.10262440235237
1.8033491778363524, 5.13170246840483
1.846346396626608, 5.152891208605312
1.8950566805572917, 5.16846115506904
1.9423735539831593, 5.176134779946049
1.993508002521956, 5.17676152870031
2.0408964931417137, 5.170267366667788
2.0869693878366293, 5.1570383853938235
2.1333991436359527, 5.135853164368237
2.1735897845973713, 5.10972939964262
2.259441978343577, 5.0434006858955485
2.342742570560454, 4.979023277472767
2.4260431627773325, 4.914645869049985
2.5148488544246477, 4.846038448109079
2.5980699393336755, 4.781727615703804
2.6813705315505545, 4.717350207281022
2.725926943747841, 4.679142157667204
2.757072536647937, 4.642704302406374
2.784179725277478, 4.5993413278277195
2.8032923018153726, 4.555381536804318
2.8165180318251806, 4.505983408880186
2.821927423883043, 4.4583550722359515
2.8204676295886375, 4.410546181556672
2.8113977998499515, 4.360323747910431
2.7829640280107877, 4.255518626162532
2.777725616180103, 4.2266422649030275
2.7795948158354378, 4.2029392474109875
2.8023458058660284, 4.098451692693764
2.8247723810330903, 3.9955901989620957
2.8341215385331355, 3.966152909093651
2.8470913976484247, 3.946103098011925
2.8657861194992313, 3.9287247510393866
2.8868220653989716, 3.9172090939438324
2.9098921998596476, 3.91104619568512
2.9354140999642793, 3.9107063577358074
3.034351596561385, 3.923691597420919
3.1457169554625537, 3.938335821140724
3.250098173433786, 3.952047156369576
3.3614656771458655, 3.966675106180906
3.4657436280817238, 3.980376970532682
3.5700215790175798, 3.994078834884458
3.6813869379187447, 4.0087230586042635
3.785768155889979, 4.022434393833115
3.89713565960206, 4.037062343644448
4.001516877573293, 4.050773678873299
4.112780041844544, 4.06540029476179
4.2170569203749455, 4.079110296067806
4.328424424087029, 4.093738245879139
4.432805642058264, 4.107449581107995
4.544173145770348, 4.122077530919327
4.648450024300749, 4.135787532225342
4.752830169866528, 4.149507004408434
4.864094406543238, 4.164125483342689
4.968475624514472, 4.177836818571544
5.079843128226557, 4.192464768382876
5.184222201386879, 4.206192377520207
5.295486438063587, 4.220810856454461
5.399764388999445, 4.234512720806241
5.5111318927115285, 4.249140670617574
5.615513110682764, 4.262852005846427
5.719892183843086, 4.276579614983757
5.831259687555171, 4.29120756479509
5.93553763849103, 4.30490942914687
6.039815589426889, 4.318611293498649
6.151182020733515, 4.333247380264218
6.255562166299294, 4.346966852447309
6.366929670011377, 4.361594802258639
6.4713108879826144, 4.375306137487493
6.499876224160579, 4.381575629526955
6.599467404385852, 4.420237076718776
6.697605491115608, 4.458346870375388
6.802311874988696, 4.499007319512955
6.828659340322591, 4.511934052239229
6.84662319955728, 4.5275100069454925
6.861281866626278, 4.548530748577241
6.887690283490959, 4.597143100958461
6.89929452860969, 4.622284182600956
6.903498251200705, 4.645790254244234
6.907907519634412, 4.752635064551123
6.912226297930193, 4.857720644981387
6.916828795121148, 4.969950376616224
6.915540021632153, 4.999166805353431
6.894447224760343, 5.104001679063062
6.873652050907506, 5.207205355891284
6.852873349718442, 5.3103066489832225
6.8306969384134195, 5.420314082616545
6.809917854903882, 5.5235210061605535
6.7877410612783855, 5.6336340702459475
6.765556222481239, 5.74374551097345
6.744777521292174, 5.846846804065389
6.723982347439336, 5.950050480893612
6.701830071649263, 6.060062784600615
6.681034897796424, 6.16326646142884
6.658850058999276, 6.273377902156341
6.638054885146437, 6.376581578984564
6.61726775646525, 6.479786879170683
6.595131953338952, 6.5896967991413975
6.574336779486113, 6.692900475969621
6.5521519406889634, 6.803011916697125
6.531356766836124, 6.90621559352535
6.509179973210623, 7.016328657610742
6.488417362364854, 7.119433197418468
6.466240951059828, 7.229440631051785
6.445445777206984, 7.332644307880012
6.4246506033541415, 7.435847984708236
6.40248185490029, 7.5459626721515285
6.381694726219098, 7.649167972337645
6.359518314914074, 7.759175405970966
6.3387396137250045, 7.862276699062901
6.329836813351626, 7.891959087762723
6.317121119038508, 7.912292512175408
6.300091469567152, 7.928885220949509
6.277912243414746, 7.941723611893823
6.254941178301381, 7.9482456203499545
6.229427755097192, 7.948990258758537
6.13029959488418, 7.937551146177199
6.018715890852091, 7.924675842451769
5.914131668643008, 7.912610245435607
5.809547446433918, 7.900544648419442
5.698066212882018, 7.887685268851709
5.5865859177224895, 7.874817735787947
5.482001695513406, 7.862752138771783
5.377417473304323, 7.850686541755619
5.265833769272235, 7.837811238030189
5.161250485455527, 7.825737487517998
5.049770190296008, 7.812869954454237
4.945288438567108, 7.800820281595771
4.840704216358021, 7.788754684579606
4.72912051232594, 7.7758793808541755
4.617538685078605, 7.762987770136689
4.513057871742083, 7.750929943782197
4.408472711140621, 7.738872500262061
4.296991477588717, 7.726013120694328
4.1924081937720095, 7.713939370182137
4.080826366524682, 7.701047759464651
3.9762421443155986, 7.688982162448489
3.8647599723713166, 7.676130936376782
3.76027822064242, 7.664081263518317
3.6486954550027026, 7.651197806296857
3.5441121711860064, 7.6391240557846665
3.432528467153914, 7.626248752059235
3.3280467154250135, 7.614199079200769
3.2165645434807355, 7.601347853129064
3.1119821980564066, 7.589265949120845
3.0003994324166965, 7.576382491899388
2.8958152102076133, 7.5643168948832225
2.86559292081965, 7.5579472378895725
2.7725825452594353, 7.521804309258149
2.6744536963494334, 7.483670770556987
2.569759153608415, 7.442979882590858
2.471731341650383, 7.404872421324407
2.3670367989093664, 7.36418153335828
2.2689109243276575, 7.326040345248712
2.2412850797399697, 7.312229714911643
2.2234958768690336, 7.296299972911305
2.2092361882289375, 7.275130346812137
2.2011298681258125, 7.2525597047121115
2.1986687946989716, 7.227257609153514
2.203343974286473, 7.12747746899741
2.2082855767211567, 7.02231558899851
2.2135579163266597, 6.910115315456376
2.218499518761342, 6.804953435457473
2.2234313936321737, 6.699998567033376
2.22870373323768, 6.587798293491241
2.2336453356723616, 6.482636413492338
2.2389176752778654, 6.370436139950204
2.243859277712547, 6.265274259951308
2.249121889754203, 6.153280997983972
2.254063492188885, 6.0481191179850695
2.259005094623564, 5.942957237986174
2.2642774342290712, 5.830756964444039
2.2692190366637517, 5.725595084445136
2.274491376269256, 5.613394810903002
2.273918496082735, 5.561738307179918
2.265576275340064, 5.511284836164466
2.2508423347306534, 5.465670666914817
2.209299305718884, 5.365561709534112
2.186763850985328, 5.3190768913455955
2.1597243957548335, 5.279495867347344
2.119946649581928, 5.2336372285403545
2.0790904433804243, 5.193034577381552
2.0387723231395833, 5.160742909405459
1.9972290287732215, 5.136622197335727
1.9497881735334854, 5.117809975081052
1.852627309041957, 5.08864433278228
1.8023699874639791, 5.076690104060016
1.7513993017285747, 5.072557326315347
1.7035738011009824, 5.075793647639732
1.6537245053064982, 5.0867308502198
1.6089374725940677, 5.103815594797607
1.5174069392138048, 5.147553791259055
1.41606904007333, 5.196003008480172
1.32108724951859, 5.241411131425868
1.2198375409693223, 5.289804573044008
1.1745086298604372, 5.314798080844607
1.1340868405032571, 5.345952952203932
1.1008633425889358, 5.380506106266894
1.0729834952204693, 5.419371853424367
1.0170755951744512, 5.51246802872165
0.9930982631982308, 5.558226110318698
0.9773494191688942, 5.6034997491858265
0.967877983732819, 5.653752843012476
0.9660685541285027, 5.701549896644199
0.9717063408476543, 5.752376205427604
0.985007933057766, 5.801647192272547
0.9913890252734322, 5.826474657426949
1.002358178916967, 5.925551667044215
1.014705191836182, 6.037195073566135
1.026277668889617, 6.141835019162322
1.0270148058491193, 6.1711735438814594
1.0123315063447038, 6.271548673788549
0.997060750855638, 6.375713165746739
0.9807751143057337, 6.486745622468558
0.9654962382518775, 6.590908924256496
0.9491752741294641, 6.702040929464963
0.9339073639537488, 6.806101112255504
0.9186366084646866, 6.910265604213684
0.9113498404878642, 6.940279376461723
0.8997356865031699, 6.961261441501471
0.8822695385086521, 6.97987365020949
0.8621597554782059, 6.992750766047524
0.8128460356028921, 7.017596186975357
0.7601269126659549, 7.049132285950519
0.7370065019536572, 7.061349024265158
0.7122595775410271, 7.067167769491664
0.6882810226026561, 7.06676190769842
0.5825973228395135, 7.050445887838943
0.4786558005309171, 7.034390016622877
0.37461124434980864, 7.0183224066154315
0.2637052753817778, 7.001196557141006
0.1596619702282278, 6.985120835721365
0.04865546944280322, 6.967967024631171
-0.05538783571073883, 6.951891303211532
-0.15943239189184338, 6.935823693204086
-0.270338360859885, 6.918697843729659
-0.3742798831684743, 6.902641972513595
-0.4852863839538989, 6.8854881614234
-0.5893296891074491, 6.869412440003758
-0.7003374409204294, 6.852266740325759
-0.8042789632290295, 6.836210869109694
-0.9151849321970672, 6.819085019635268
-1.0192282373506092, 6.803009298215629
-1.130234738136034, 6.785855487125434
-1.2342780432895768, 6.769779765705794
-1.338321348443119, 6.753704044286154
-1.4492273174111572, 6.736578194811728
-1.5531688397197578, 6.720522323595663
-1.6641765915327384, 6.703376623917664
-1.7751830923181713, 6.686222812827468
-1.87922639747171, 6.670147091407829
-1.983167919780303, 6.654091220191765
-2.0940738887483445, 6.636965370717337
-2.198118444929446, 6.6208977607098936
-2.228173557480304, 6.6133475702671305
-2.2489776223615183, 6.601625890810763
-2.2674663843846647, 6.584028957014973
-2.2801993941461034, 6.56382762170631
-2.2877984573609274, 6.541081522201617
-2.2896976756919476, 6.515627949944136
-2.282799445718742, 6.4159768251797935
-2.2750242856878873, 6.304026048038694
-2.267727348894188, 6.199105193230109
-2.2599408819146287, 6.087051333932367
-2.2526490129885826, 5.982026254294779
-2.244878920825382, 5.869971252324677
-2.2380734625446674, 5.771975523683431
-2.2302819276974546, 5.660025889214685
-2.2224985802584216, 5.548075683409764
-2.215206711332377, 5.443050603772179
-2.2074366191691768, 5.330995601802077
-2.2001447502431315, 5.225970522164492
-2.192353215395918, 5.11402088769575
-2.1850562786022185, 5.009100032887164
-2.184683310314998, 4.95413621933283
-2.1916656704916737, 4.906712937515396
-2.2053267268805636, 4.860873912312109
-2.244703448855312, 4.75967080813991
-2.266205203576274, 4.7126987664179145
-2.2943155188722058, 4.669979857833257
-2.32629789380259, 4.634274798791954
-2.3998086855344316, 4.564517929579868
-2.4812905271742864, 4.487204235568249
-2.5207589869999225, 4.453873809883511
-2.564394033737616, 4.427206790254271
-2.608547068504792, 4.408544226177627
-2.658077797940399, 4.395823546438647
-2.7057586599808783, 4.390898412349609
-2.753550166655746, 4.392843946786107
-2.8036771485705034, 4.402426078507351
-2.848912611112825, 4.418285403262514
-2.8941341032023757, 4.442163849975444
-2.932744023056126, 4.470572086415337
-3.0146172245921665, 4.54175407951882
-3.0939761613790306, 4.61077429158393
-3.1787349616786353, 4.684480745948476
-3.2581801584637406, 4.753559675225443
-3.337630741752618, 4.822632412115563
-3.3766937666336325, 4.861153952780481
-3.4053015991175157, 4.899616437772765
-3.462716822787925, 4.991546394537713
-3.487543145303243, 5.036966758559074
-3.504924948137073, 5.084950009304716
-3.5144112184568987, 5.131936636832786
-3.517070018058212, 5.179797961077007
-3.5123191039828807, 5.230715305505877
-3.5008487473273644, 5.277257525084603
-3.4814009157242394, 5.32455301261262
-3.472030013104203, 5.348191502688838
-3.468863426334047, 5.371963407682083
-3.469216414315621, 5.478794965458481
-3.4695807399539405, 5.584072240427689
-3.469977027662185, 5.696291986281839
-3.470349560571006, 5.801569233168639
-3.4707458482792517, 5.913788979022792
-3.473336158238309, 5.943022016538212
-3.4973849029075517, 6.039973486644699
-3.5244231000913637, 6.148887967600392
-3.551498214973823, 6.25790004764311
-3.5609307577975384, 6.285581674160308
-3.574211219250349, 6.305550774533467
-3.593049285837158, 6.322620472657059
-3.614225210694887, 6.333877294017796
-3.639015731070625, 6.339953630369733
-3.6629972611733486, 6.339771564323956
-3.768633308363223, 6.324539878304483
-3.872831296499089, 6.309499333974142
-3.9770281092455604, 6.294450666926432
-4.088199036569388, 6.278396964253741
-4.192397024705256, 6.263356419923397
-4.303467164024113, 6.247329740875873
-4.407663976770574, 6.232281073828161
-4.518731765310622, 6.216238149345898
-4.622928578057084, 6.201189482298185
-4.727126566192958, 6.186148937967845
-4.838299844295584, 6.170111480729893
-4.9423935182582825, 6.155073591872606
-5.053460131408922, 6.139022544672972
-5.157656944155385, 6.123973877625261
-5.261856107680659, 6.10894145601229
-5.373028210393883, 6.09289587605697
-5.477225023140356, 6.077847209009258
-5.588291636291, 6.061796161809622
-5.692386485643096, 6.0467663956697075
-5.803559763745722, 6.030728938431759
-5.907757751881591, 6.015688394101418
-6.018928679205418, 5.999634691428727
-6.123022353168106, 5.984596802571439
-6.234091317097558, 5.968562000806546
-6.338290480622832, 5.953529579193574
-6.442487293369294, 5.938480912145864
-6.553658220693112, 5.922427209473172
-6.657855033439581, 5.907378542425461
-6.768923997369032, 5.891343740660566
-6.8731219855049055, 5.876303196330224
-6.903150371673731, 5.869074687814295
-6.995193673481844, 5.830267944713177
-7.092192800397214, 5.789345960932168
-7.119325815951577, 5.774806892587747
-7.136727863064571, 5.758305224412583
-7.150369389963497, 5.736732354953054
-7.174535154088047, 5.687082018680601
-7.185058946052902, 5.66135832907137
-7.188211671424009, 5.637584548666936
-7.187855044280362, 5.537902813250201
-7.1874297242336835, 5.425579541348257
-7.187039678630353, 5.320302348930602
-7.186622445157819, 5.207979048965844
-7.186232399554488, 5.102701856548193
-7.183611698678225, 5.073471700953738
-7.157890776531068, 4.969888820661366
-7.132508551612909, 4.867716511180568
-7.10542539953382, 4.7587064230006035
-7.080027243115751, 4.656538066698473
-7.052973028785631, 4.5476275595648605
-7.027619741616439, 4.445554831130412
-7.000536589537352, 4.3365447429504504
-6.973445471708307, 4.227536631359816
-6.948047315290238, 4.1253682750576814
-6.922694028121045, 4.0232955466232365
-6.895647779540879, 3.9143830629002947
-6.870265554622721, 3.812210753419497
-6.8431664710437206, 3.7032046184181944
-6.817776280375608, 3.6010342855267297
-6.792394055457447, 3.4988619760459327
-6.765347806877282, 3.38994949232299
-6.739994519708089, 3.287876763888548
-6.712895436129089, 3.1788706288872426
-6.68751321121093, 3.076698319406444
-6.6604300591318415, 2.9676882312264823
-6.635076771962652, 2.8656155027920405
-6.60969454704449, 2.76344319331124
-6.582624401214457, 2.654536639356287
-6.5572421762963, 2.552364329875496
-6.545996723021566, 2.494756335895367
-6.542098281105934, 2.4379111325362977
-6.542425637757335, 2.3765839336804597
-6.546991439451428, 2.3192687481744607
-6.547630688363389, 2.293127195109094
-6.541777544123261, 2.268282809974475
-6.530770066852806, 2.2470921562373025
-6.51373378752061, 2.227947664126974
-6.49396498843082, 2.2145535256994395
-6.469968621530733, 2.2058542530683747
-6.446209496919477, 2.2034658597668852
-6.422461032151176, 2.2068036973797445
-6.3252817451190655, 2.2359061604012376
-6.224546402964022, 2.2661389466168855
-6.116965241757778, 2.298434292980382
-6.0161318306992, 2.3287007877745762
-5.908641662553213, 2.360938842236147
-5.8078058928802125, 2.391197475922547
-5.700320441963073, 2.4234512525997056
-5.599487030904497, 2.4537177473938985
-5.4919058696982574, 2.4860130937573968
-5.3911658103143605, 2.5162301577574566
-5.283579931879267, 2.5485097819053686
-5.182744162206265, 2.5787684155917683
-5.082008820051219, 2.6090012018074145
-4.974425300230549, 2.6412886870631205
-4.873587171943121, 2.671539459641729
-4.7661040796404075, 2.7038010974266795
-4.665268309967412, 2.734059731113076
-4.564432540294408, 2.764318364799479
-4.5074280047979265, 2.778302631069938
-4.456560999364778, 2.782435157248366
-4.408632517472823, 2.7791925223484784
-4.3617653824615195, 2.769131750351677
-4.313997308740566, 2.7511652088325356
-4.289991127624373, 2.7424730712954117
-4.266236966216934, 2.740033402114434
-4.15946555877598, 2.743635361981299
-4.0472055626333745, 2.747428740106741
-3.941987496335869, 2.7509779977659155
-3.8367691504656287, 2.7545190528695813
-3.724612573599684, 2.7583048000500634
-3.619395066447666, 2.761870462820245
-3.5072387691544598, 2.76566441255623
-3.4020204232842186, 2.7692054676598974
-3.2968020774139735, 2.7727465227635646
-3.266162289541802, 2.7766387411036995
-3.1705253048518722, 2.80511350493672
-3.062878562015757, 2.8371896106155603
-2.961984277398006, 2.867252589682644
-2.9333277663584574, 2.878774910259151
-2.9143048549731816, 2.8932095591127616
-2.898371835828429, 2.913150462034575
-2.8884631894015684, 2.934989628459597
-2.8840344273533622, 2.9585591659376873
-2.885612926989204, 2.9839319115797243
-2.90600140141925, 3.081718632333395
-2.92892215020183, 3.1915733895301623
-2.9504241568631624, 3.2946321164889683
-2.97191009528775, 3.397694197859615
-2.9948147758335852, 3.507552309468239
-3.016316782494918, 3.610611036427045
-3.0392455653958708, 3.7204641164179013
-3.0468623027235786, 3.771663494013884
-3.046604478673171, 3.8228010176382896
-3.0392962051104786, 3.8700709577905132
-3.024057087979167, 3.9189941476488395
-2.985716400829124, 4.012801648411855
-2.9618229507979605, 4.062186606269995
-2.934622241564149, 4.1016565357427845
-2.8996882876379235, 4.139002890379421
-2.8242770767616805, 4.206855815225207
-2.7838549092241647, 4.239188907655383
-2.7396123169879067, 4.2646284500840554
-2.6949815938493136, 4.282116713990859
-2.6451311460087426, 4.293520671117368
-2.59743985696578, 4.297177626242409
-2.488847325181823, 4.296671695631057
-2.390616768711874, 4.296185436130979
-2.27850130236115, 4.295630443747978
-2.1732245984401963, 4.2951254779518635
-2.1183840609909623, 4.291420311232409
-2.0716092873055114, 4.280937933262145
-2.026911597508463, 4.26391038046758
-1.9290006463273306, 4.217181973438226
-1.8836574435783748, 4.192213853570123
-1.8431385088002123, 4.161015084938191
-1.7684469938182539, 4.0925239377266385
-1.7323929720913174, 4.055382536849617
-1.7028263149261098, 4.013784757052212
-1.6811380769388007, 3.9710369588818324
-1.6650043460229154, 3.922510658419302
-1.6567747721511672, 3.8752878342146673
-1.65554082338092, 3.8242680201555084
-1.6618229303092142, 3.7230188057783953
-1.6687935933832265, 3.6109112435913193
-1.6753321059138317, 3.505836576729315
-1.6818788100178361, 3.4007624180041014
-1.6888471535399352, 3.2887585302969344
-1.688165367902522, 3.2594187657626748
-1.6693069182775362, 3.1542642694508207
-1.6507031059223178, 3.0506431477083584
-1.632091215918873, 2.947023479126874
-1.6122420248984037, 2.836572411731425
-1.5924170668226194, 2.726116984853007
-1.5738213321156287, 2.6224944099495335
-1.5539659110911128, 2.511939180731366
-1.5353540210876664, 2.4083195121498906
-1.5155048300671996, 2.2978684447544393
-1.4969234030124874, 2.1943485785127086
-1.4783276683054971, 2.090726003609244
-1.4584722472809817, 1.9801707743910655
-1.4398603572775335, 1.8765511058095903
-1.4200049362530165, 1.765995876591427
-1.4014235091983012, 1.6624760103496892
-1.3815904734742892, 1.552022036632252
-1.3629785834708465, 1.448402368050775
-1.343123162446325, 1.337847138832605
-1.3245193500911059, 1.2342260170901351
-1.305923615384112, 1.130603442186672
-1.2860825020118754, 1.020150921630228
-1.2674849196607094, 0.916633961710478
-1.2476294986361938, 0.8060787324923235
-1.229033763929197, 0.7024561575888463
-1.222737173171507, 0.6478530463608928
-1.2245470084030141, 0.6000562084850077
-1.233986779173669, 0.5499022226812568
-1.2613042013920823, 0.45209802624698947
-1.2780608601796242, 0.40323214280569475
-1.3018139223277605, 0.35794542272918084
-1.33011553283855, 0.31925727659585684
-1.4010001019789204, 0.23726336005033924
-1.4370657522607326, 0.20013334467361793
-1.4777780611480031, 0.16935941809721922
-1.5198694559482904, 0.14642374693307886
-1.5649120616191172, 0.12972539572241112
-1.6692593090696395, 0.10041192622801945
-1.723007252990242, 0.08890859203111183
-1.770757757293729, 0.08613072302297518
-1.818517753180158, 0.0902196424155141
-1.9253989937645972, 0.10822038271179646
-2.0292146392263053, 0.12570612365360342
-2.13997875595753, 0.1443611027073716
-2.1903403112364246, 0.15586840776131217
-2.2378792057340338, 0.17471517803242795
-2.2793320357414997, 0.19878683483953227
-2.3626430369140023, 0.25666728860586013
-2.4057200644004175, 0.29080783275122635
-2.438309315261511, 0.32596044263186735
-2.4670940223650226, 0.3681027278234701
-2.487946835918908, 0.41114892001515857
-2.503189580802093, 0.45996218336440814
-2.5249793943900545, 0.5590382832741124
-2.5490743617306557, 0.6686414822320614
-2.5716774495255668, 0.7714643307843553
-2.595790675762857, 0.8811696100577432
-2.6183857479757524, 0.9839942222774275
-2.6424726997343315, 1.0935991849027584
-2.665075787529248, 1.1964220334550577
-2.687686890906179, 1.2992431183399673
-2.7117738426647637, 1.408848080965298
-2.7204857191645884, 1.43687260509104
-2.7341528030710736, 1.4583080635976473
-2.7689094894216524, 1.5013491612285814
-2.8018635972267334, 1.5485913048069535
-2.8330790913522264, 1.6012605272543134
-2.847630047767952, 1.62311158284209
-2.866699075467294, 1.6400779688868214
-2.8878861382758076, 1.6510933168301958
-2.9127279868184646, 1.6569558427205962
-2.936706679735142, 1.6565646588912581
-2.9599030351429354, 1.6504768905046787
-3.0585369416100843, 1.6097051917322145
-3.155829093364307, 1.569484861433871
-3.2596318817480716, 1.526570095865634
-3.356920899459861, 1.4863421801961227
-3.460629487889552, 1.4434707752870326
-3.5578243056472636, 1.403286220276667
-3.6551195914439476, 1.3630734753494806
-3.7589192457852443, 1.3201511244100896
-3.8562082634970336, 1.2799232087405787
-3.9599137178842834, 1.2370442184603225
-4.008816326270425, 1.2200757340123292
-4.059116518357703, 1.2108567435128859
-4.1069220082471025, 1.2092837406361954
-4.154563374312259, 1.214580331603682
-4.203894742378819, 1.2276558577571837
-4.2287512300813415, 1.2339227831120185
-4.254275154492294, 1.2337496038168332
-4.352938312772381, 1.2188222832660893
-4.463893733931094, 1.2020197594944817
-4.567985295663245, 1.186259488079355
-4.679046202674065, 1.1694614559987582
-4.783138976862552, 1.1537091797958603
-4.887230538594705, 1.1379489083807341
-4.998082898813981, 1.1211578833425715
-5.095208752636482, 1.1064593582295987
-5.192335818915313, 1.0917688283288565
-5.303394301013458, 1.0749548058238034
-5.414452783111601, 1.0581407833187513
-5.525511265209747, 1.0413267608136985
-5.629602826941905, 1.0255664893985712
-5.740457612073845, 1.0087914547848653
-5.844549173806002, 0.993031183369738
-5.948640735538151, 0.9772709119546132
-6.059699217636298, 0.9604568894495612
-6.163791991824784, 0.9447046132466649
-6.2747486254398295, 0.9279100846872835
-6.303188099984577, 0.9210931850711258
-6.32565457303233, 0.9087642358805853
-6.343129127864206, 0.8924899626022131
-6.356969225972948, 0.8710433863655883
-6.364605121301952, 0.8484183263000272
-6.366657129859978, 0.8245243997698408
-6.362561686464012, 0.7994349436141195
-6.332462743828448, 0.7041879700254913
-6.298612364232061, 0.5970859290787446
-6.266924492927623, 0.4967987946414129
-6.235193655941187, 0.39641656841458967
-6.2013432763447955, 0.2893145274678288
-6.169639753531059, 0.1890323398039478
-6.13578937393467, 0.08193029885719418
-6.104066362702883, -0.018454400756361063
-6.0702354715245415, -0.1254539297534476
-6.0385046345381035, -0.22583615598028475
-6.0046542549417135, -0.332938196927039
-5.991967316758582, -0.383015371086101
-5.987167230119484, -0.4307091404603795
-5.989634679391081, -0.481787656726068
-5.999008608054952, -0.5287969849359465
-6.0287417351738695, -0.6330254327186533
-6.034364221685005, -0.6618294599265784
-6.038196169619482, -0.7616455372542563
-6.042488117663946, -0.8736801902416252
-6.041124137782183, -0.9029968189859325
-6.0197281518844115, -1.007770234923103
-5.998651329410757, -1.1109167604140233
-5.976186454312783, -1.2208656506492321
-5.955118286472865, -1.32390818770051
-5.934041463999202, -1.4270547131914442
-5.911551851053717, -1.537104310015337
-5.890475028580059, -1.6402508355062702
-5.867977374027687, -1.7502987914046966
-5.84690920618777, -1.8533413284559825
-5.82445237269668, -1.963291859616657
-5.803375550223023, -2.0664383851075696
-5.780885937277533, -2.176487981931485
-5.759801073196989, -2.279632866496938
-5.7373281564921275, -2.3895801158066807
-5.71625937562536, -2.4927282822230605
-5.695207290999212, -2.5957741011252944
-5.686218818806498, -2.625431190625391
-5.67350704748032, -2.6456454864234455
-5.655040772768628, -2.6632661137696108
-5.634248398235725, -2.675009208819981
-5.609523586568461, -2.6817495199199297
-5.585648308030987, -2.682177203356062
-5.486447988821111, -2.6704627951768245
-5.375004650858839, -2.657279051520861
-5.270557078161255, -2.644936600814517
-5.1590093922371, -2.6317528905435736
-5.054459402962143, -2.6193941726067793
-4.942911717037987, -2.606210462335836
-4.838465110032655, -2.5938598613217563
-4.733915120757705, -2.5815011433849593
-4.6224717827954205, -2.5683173997289948
-4.517921793520464, -2.5559586817921995
-4.406374107596307, -2.5427749715212564
-4.301824118321351, -2.5304162535844616
-4.197273163354149, -2.5180656859554014
-4.085829825391871, -2.504881942299439
-3.9813832183865374, -2.4925313412853556
-3.869835532462373, -2.479347631014414
-3.772283239836615, -2.467813905411764
-3.7419796268708034, -2.461333706075156
-3.6491634559291337, -2.424978046676109
-3.551145005197186, -2.386561602801964
-3.44656646179646, -2.345573475641958
-3.3485450625600426, -2.307164561694127
-3.2439635706548557, -2.26618396446044
-3.1460371691172178, -2.2278166343476182
-3.0415565719197395, -2.1868625610963064
-2.943535172683316, -2.1484536471484725
-2.838953680778128, -2.1074730499147853
-2.740932281541718, -2.0690641359669586
-2.6364457873353087, -2.028125122568279
-2.5385252828065936, -1.9897427326028216
-2.486197405248292, -1.9729217540002584
-2.4388603409059995, -1.96537639355308
-2.3909305976506485, -1.964687733305636
-2.3403533656383995, -1.9715072715581798
-2.294317653344669, -1.9848664298032916
-2.268038924274626, -1.9917911737364278
-2.244159977752546, -1.9918882493892371
-2.1452360247258917, -1.9788002890300043
-2.0338845842787276, -1.9640506215637927
-2.0052242981230606, -1.957736380946253
-1.9827097714028625, -1.9459311543958373
-1.9648517609335125, -1.929924053383966
-1.9506076892091309, -1.9087439837171134
-1.9425239186976533, -1.8861652312215582
-1.9400849177865982, -1.8608610423345213
-1.9437043167446695, -1.8371538544877357
-1.9720248518514567, -1.7413630420700763
-2.0038480808356645, -1.6337493311872504
-2.033678346383366, -1.5328940570679288
-2.0655427475454857, -1.4251844642262703
-2.0954063144438964, -1.3242309821737184
-2.127270715606019, -1.2165213893320534
-2.1571009811537207, -1.1156661152127318
-2.1869566772249307, -1.0147103071857846
-2.1992055274538687, -0.961126894759222
-2.2026491233920673, -0.9133160991687187
-2.198752009991986, -0.8624305495597295
-2.188098405457711, -0.8158007304764154
-2.169459803787348, -0.768180185796202
-2.1244943723145093, -0.677246256625476
-2.077819546686491, -0.5828804894706904
-2.0280669975095464, -0.4822916624609709
-2.002467402609625, -0.43730215055205507
-1.9707072773936962, -0.397222149788213
-1.935703860746707, -0.3644727906452635
-1.896460202481593, -0.33712718799012736
-1.8506435194473865, -0.31441348839289646
-1.8050196159377827, -0.2997104818190553
-1.7546638484371715, -0.2914134500833819
-1.7067342226750644, -0.29069753524983233
-1.6560510984276193, -0.2975067445027179
-1.6100121364649786, -0.31085491601192167
-1.508607227719194, -0.3494183951163148
-1.4102999196232828, -0.3867989279545594
-1.3118942915530605, -0.42421242988075153
-1.2070046652326942, -0.4641072404000986
-1.1086077827898264, -0.5015437587270039
-1.0036256669133727, -0.5414868826014438
-0.9052229540522716, -0.5789080566612046
-0.8580819999255246, -0.6000365826085149
-0.8151439097253311, -0.627811887434921
-0.7791915775536771, -0.6595168615738313
-0.7463277377316073, -0.6985622879735268
-0.7212209489688671, -0.7393958234873048
-0.7022534630138716, -0.7833054079725158
-0.6891358842187523, -0.832732431839851
-0.6838267016364088, -0.880372578878449
-0.6857547176599174, -0.9314747305205548
-0.6946288111101406, -0.9785808784183119
-0.7113862707776407, -1.02678586475467
-0.7194758085495339, -1.051001518896669
-0.7213187857024463, -1.0749128309717508
-0.7150408121430722, -1.181560351266544
-0.7088441560041521, -1.286551934324575
-0.702645467090135, -1.3916471978819
-0.6960340825681702, -1.503776525206395
-0.6902562822096898, -1.6018382104731541
-0.6836448976877244, -1.713967537797664
-0.6789927965869584, -1.7443972521855575
-0.645889593213604, -1.846080270781054
-0.613302321672986, -1.9461877585752043
-0.580715050132373, -2.0462952463693433
-0.5460175798613288, -2.1529079559531734
-0.5134303083207113, -2.2530154437473238
-0.4786532794848551, -2.3598202028793667
-0.44606600794424095, -2.4599276906735046
-0.4134787364036276, -2.560035178467642
-0.3787453318793419, -2.6667451634725934
-0.34618630453363375, -2.766752874551608
-0.31141696575610983, -2.873560134977664
-0.27882969421549747, -2.9736676227718024
-0.24624242267488286, -3.0737751105659403
-0.21147308389735991, -3.1805823709919987
-0.178878122298409, -3.2806873574921327
-0.14418065202736555, -3.387300067075963
-0.11159338048675269, -3.4874075548701016
-0.09844557505758482, -3.5374724632040655
-0.09313761199032747, -3.5882305191480715
-0.09525642064209014, -3.63611854797546
-0.10505230531605257, -3.68630963183909
-0.13297582378619752, -3.7838347427192875
-0.1619474062049855, -3.8849400341194675
-0.1928931653027601, -3.9929171534631718
-0.21994768088291233, -4.087349832591233
-0.2508856656070783, -4.195329177375095
-0.27064014331944863, -4.256770425218655
-0.2923244147460029, -4.31002146920014
-0.31964699383916934, -4.365042598471587
-0.3489619158661241, -4.414504926899049
-0.38405630552297043, -4.464799340600461
-0.4203589763571306, -4.509386326755006
-0.46249300350781225, -4.553949133374387
-0.5050612079330051, -4.592752919013653
-0.5502174591597805, -4.62834493709789
-0.6010648126001042, -4.662633113538622
-0.6510759270630067, -4.691210809743003
-0.7064311297400563, -4.717610302418201
-0.7600209073031622, -4.73844340479925
-0.8148662848026792, -4.755354189045445
-0.8747498581932095, -4.769057984872136
-0.9316966126919013, -4.777709903126166
-0.992844947170303, -4.782401537558666
-1.0503415055715732, -4.782544793807894
-1.0986560927301146, -4.777710707156619
-1.1482175525479028, -4.765110302954182
-1.1923227075093292, -4.74660185830607
-1.2334136093996921, -4.721918334651157
-1.2728726731614202, -4.689390109724804
-1.3068365818259393, -4.651297977448881
-1.3330990213866103, -4.611197495607724
-1.3533429616169048, -4.567747119660601
-1.367847752304843, -4.518709416045799
-1.3744859534789398, -4.471341123921137
-1.374276011209343, -4.4234068731904355
-1.366483780806042, -4.372865795538035
-1.3629143104163142, -4.3475858812151555
-1.3657960681031813, -4.322224736777014
-1.3746041045818687, -4.276788586536796
-1.3868392952973245, -4.169094925623808
-1.3987052896192202, -4.064487872626091
-1.4105631288852318, -3.959879894889897
-1.4232032009183184, -3.8483735863338566
-1.4350691952402148, -3.7437665333361303
-1.4477250198274076, -3.632157727779413
-1.4534770015382885, -3.6034837193072997
-1.490416511739541, -3.5031306949303316
-1.5267552153098403, -3.4044335361856097
-1.5391910616848121, -3.3778509937183454
-1.5557151512749194, -3.358397369937012
-1.5751666043001893, -3.344545868383595
-1.5990527876284966, -3.335262180291909
-1.6227526686806544, -3.3323419959693434
-1.7295759340458985, -3.333718339535422
-1.841786800626555, -3.335184659479374
-1.954101440420703, -3.33664004240249
-2.06641608021486, -3.3380954253256037
-2.171685125311089, -3.339461555246465
-2.202296365905427, -3.342711403190136
-2.298599326049156, -3.3692382488620707
-2.4068905386397823, -3.3990662738452317
-2.5083888447130374, -3.4270221899127526
-2.6097883278645306, -3.454946676563514
-2.717976426484182, -3.4847588657431077
-2.819472587032852, -3.512722578617229
-2.927763799623479, -3.54255060360039
-3.0292621056967395, -3.570506519667915
-3.137553318287365, -3.6003345446510777
-3.2388475419432883, -3.6282509923048707
-3.340345848016542, -3.6562069083723903
-3.448637060607166, -3.6860349333555518
-3.550135366680437, -3.713990849423077
-3.6584265792710533, -3.7438188744062386
-3.7599205942951355, -3.771790384086963
-3.868012015517603, -3.8015633470431918
-3.9695103215908634, -3.829519263110714
-4.071008627664128, -3.857475179178237
-4.179297694730155, -3.887311000968
-4.280791709754238, -3.915282510648723
-4.388984099423073, -3.9450791062151183
-4.490383582574554, -3.973003592865877
-4.5918818886478245, -4.000959508933403
-4.700168810189254, -4.030803127529765
-4.8016649707379235, -4.0587668404038855
-4.909956183328542, -4.088594865387052
-5.011355666480017, -4.116519352037812
-5.11954591062426, -4.14632374441081
-5.221039925648349, -4.174295254091537
-5.248568493286808, -4.184467292597505
-5.269336063887977, -4.199306422467112
-5.284766499765926, -4.217530880966418
-5.295983932301227, -4.240458368525546
-5.300908540657085, -4.263929179575062
-5.299875461175159, -4.289329687970376
-5.281531170334287, -4.3875204214400485
-5.260871327460763, -4.497928148824611
-5.241534615500503, -4.601309588609609
-5.222182878437133, -4.704793634556136
-5.201539170154107, -4.815204381096264
-5.182187433090737, -4.918688427042791
-5.161550682615569, -5.028995057843607
-5.14219087825695, -5.132477594212351
-5.121562195077033, -5.242785734590949
-5.102210458013662, -5.346269780537476
-5.093748838316162, -5.3759742260034065
-5.08138613831903, -5.396404260364523
-5.06313820908425, -5.414397577743208
-5.042540090474117, -5.426477718867192
-5.019663795072025, -5.433326393750166
-4.994163380158117, -5.434428645441339
-4.894781927768719, -5.424365813100411
-4.783029166129007, -5.4130513062776275
-4.678286623379401, -5.402447574987944
-4.573751888753458, -5.391848657479716
-4.462000752328869, -5.380518059275657
-4.433159627886011, -5.375088491359456
-4.339011451216079, -5.341711044665797
-4.233245565693955, -5.3042009427021375
-4.1341201427553536, -5.269047242109757
-4.028252473640629, -5.231514148875143
-3.9290307475392043, -5.19632198428741
-3.8231685588542637, -5.1587734183283995
-3.7239468327528313, -5.123581253740662
-3.624821409814236, -5.088427553148284
-3.519050043862329, -5.050932923909022
-3.419828317760897, -5.015740759321287
-3.3139661290759577, -4.9781921933622755
-3.2147444029745325, -4.9430000287745415
-3.115519936658222, -4.9078156005490055
-3.0097513109212066, -4.870313234947546
-2.910625887982597, -4.835159534355166
-2.8047636992976495, -4.797610968396151
-2.7550566579330544, -4.78316758507368
-2.704453349394438, -4.776546407547008
-2.656526778615208, -4.777419820021753
-2.6092192574929576, -4.785148565153549
-2.5039238049546886, -4.8112821525839875
-2.4750451976039485, -4.815896015839699
-2.4496696260630277, -4.813142598690267
-2.3529372045491908, -4.788227315309918
-2.250992708846563, -4.7619450175630496
-2.1423247529510427, -4.73393241948485
-2.040374120678742, -4.707673966720939
-1.9317020737367727, -4.6796772652980465
-1.8297575780341528, -4.653394967551177
-1.7278130823315192, -4.627112669804307
-1.6190457998170085, -4.5990702723827575
-1.5171965396869371, -4.572833670634548
-1.4085244927449685, -4.544836969211653
-1.306579997042348, -4.518554671464787
-1.2046355013397143, -4.492272373717915
-1.0958661733019655, -4.464237924624015
-0.987194126359997, -4.436241223201122
-0.8852455396109223, -4.409974822109557
-0.7834003705273065, -4.383722323706046
-0.6746330880127833, -4.355679926284492
-0.572684501263708, -4.32941352519293
-0.4707359145146399, -4.303147124101368
-0.3619665864768851, -4.275112675007468
-0.2601214173932692, -4.248860176603954
-0.1514514159745244, -4.220855526853408
-0.1322291650503821, -4.216150006197326
-0.1322291650503821, -4.216150006197326
-0.1322291650503821, -4.216150006197326
