0.0, 0.0
0.0911856, 0.0
0.20350968, 0.0
0.30878760000000005, 0.0
0.41406552, 0.0
0.5261823600000001, 0.0
0.63146028, 0.0
0.74378436, 0.0
0.8490622800000001, 0.0
0.9472940400000001, 0.0
1.05961812, 0.0
1.1648960400000001, 0.0
1.2770128800000002, 0.0
1.3822908, 0.0
1.49461488, 0.0
1.5998928000000001, 0.0
1.7051707200000001, 0.0
1.8174948000000002, 0.0
1.92256548, 0.0
2.03488956, 0.0
2.064131274552514, 0.0024925482774029967
2.0867078722156687, 0.010581648195471614
2.107810617255638, 0.02475706780371631
2.1238291589072937, 0.0426048271698109
2.133889455044415, 0.06068073593304164
2.141079231991004, 0.0868799879122908
2.1534421460283077, 0.19299438317771428
2.1655917713142085, 0.29746456429896695
2.178580745878105, 0.4090351018421718
2.1907624426933383, 0.5136058754944127
2.202944139508572, 0.6181766491466543
2.2104597582724628, 0.6629016409579838
2.221624104614837, 0.6995557319854384
2.2599783179977164, 0.8003750864025468
2.2770355121806847, 0.8395934009075041
2.298031965111409, 0.8746951376482041
2.3216159593363956, 0.9048936895126243
2.3487114639999596, 0.9321318360096402
2.429801133464119, 1.0032658975218764
2.4631546564196203, 1.0298695097293304
2.4982361395330206, 1.051100015828589
2.533214544197836, 1.0667415122142285
2.5723289469640904, 1.0787017151441431
2.6705113049703417, 1.1011620138363758
2.712703342022665, 1.1087601730475394
2.753659428553519, 1.1107689000126237
2.791868998989314, 1.10790649681496
2.831866131739972, 1.0998586768605738
2.868308985450328, 1.0876932276268383
2.8921857749893016, 1.0805861140861515
2.997809126587586, 1.06456067841646
3.1017953350487444, 1.0487967769968358
3.212851369761226, 1.0319665971795302
3.2421367015302605, 1.03005328441536
3.2656702664942405, 1.0346679566949644
3.288657399435304, 1.045524268625977
3.3071695235753165, 1.0607700137550706
3.322284415918176, 1.0813376752214268
3.3313056810084554, 1.1035581300914918
3.3348012565306653, 1.1287384600270585
3.332196791970369, 1.152475014565135
3.323996583613639, 1.1750113619372506
3.3097146555987873, 1.1960417554601568
3.286251746836024, 1.2252701314709917
3.265581212420203, 1.2605505386523541
3.251319196128609, 1.2961030014854775
3.2415969524910553, 1.3190400820823844
3.2261112983124405, 1.339330135769396
3.2073280270497633, 1.3542405031821614
3.184149034361741, 1.3646808814047064
3.1606389478542987, 1.3688623352305183
3.1350784670826255, 1.3670164690194246
3.03761042702393, 1.345633696070127
2.934781584436116, 1.323057892777113
2.825173173923913, 1.2989866355995476
2.7154626711560548, 1.2748971864060783
2.612632070152563, 1.252329399848813
2.5030219012246824, 1.2282661594069935
2.400193058636871, 1.2056903561139805
2.2974663083047164, 1.183132744836871
2.1877540471211803, 1.1590513123791484
2.0849234461176898, 1.1364835258218826
1.975212943349832, 1.1123940766284126
1.8724861930176795, 1.089836465351303
1.7628760240898027, 1.0657732249094838
1.734847668932975, 1.0570704740792123
1.7145245670214593, 1.0443383169571858
1.6968867532102518, 1.025888388167167
1.6851179774628495, 1.005110769725818
1.678370647936034, 0.9804942403381917
1.666042838331253, 0.8813682728225224
1.652202141812245, 0.7700046190181095
1.6392179546043761, 0.6655304679535277
1.6253772580853694, 0.5541668141491193
1.6124012154970218, 0.44969165053795446
1.599425172908674, 0.345216486926789
1.5915622324604732, 0.3005516297115046
1.5797381541619797, 0.26411545294208666
1.5615053203364773, 0.2275156980714798
1.5394739201742618, 0.19605262347889038
1.5113959857176154, 0.16646948793430516
1.4358746262146584, 0.09951766311342039
1.4005304350017769, 0.07126481096943965
1.3676855838070676, 0.05133250181780688
1.2718909489166317, 0.0017444273720161798
1.233125629224163, -0.016072687415589235
1.1964881057369723, -0.02763917642939948
1.1562616863849924, -0.035041944018359576
1.0560502567302692, -0.04612292080125237
1.0107785123180686, -0.04881927686292648
0.9725548398346138, -0.046153694993984765
0.9348221748476493, -0.03891947569085234
0.8306043905126529, -0.011498705889229507
0.7873872548325508, 0.002251733615799549
0.7525812391515281, 0.01851890681043907
0.7200566336263681, 0.03877474222884201
0.6882714459495877, 0.06451727930436792
0.6617030268620152, 0.09212658157750694
0.6385607884768421, 0.12279445918077891
0.5796217066078133, 0.2130132434557802
0.522047188895192, 0.30115297724499224
0.4606816638063381, 0.39510882542746806
0.43934175281057275, 0.4321577115648512
0.4253569360975893, 0.4679311254237294
0.4162624783388458, 0.5079027118506529
0.41298458628422, 0.5460786557964076
0.4145375566641987, 0.5868478364609652
0.4207282297217235, 0.6247656693160474
0.4322512438557646, 0.6640109942682435
0.4385709434799102, 0.6881081795219868
0.4388958377929934, 0.7119850876873666
0.4258927019744147, 0.8180229195656004
0.41306061836864977, 0.9225158618557264
0.39939834802818164, 1.0339015478396234
0.3865907026771802, 1.138397492196316
0.37291987146280486, 1.24988652463417
0.3600959339419609, 1.3543804676131528
0.347271996421117, 1.458874410592133
0.33360972608064887, 1.570260096576029
0.32081064160355466, 1.6746526944787627
0.31757230117061186, 1.719992730598196
0.3197787423338096, 1.7582455165290727
0.3271549116694552, 1.7984769838262955
0.3523978249079081, 1.8959810133442998
0.3787922201029025, 1.9978965486753615
0.392397858889348, 2.0412678942904234
0.4088375413197669, 2.0758675164275084
0.431653602754831, 2.109799973873516
0.45749762527698073, 2.138075124633076
0.48720794021607844, 2.1624187512775643
0.5222344424579918, 2.183315556121803
0.5577678575155491, 2.19789957199077
0.5974791851146438, 2.20764598494312
0.6356972854001477, 2.2115800284100446
0.736355234377526, 2.215074919067489
0.8485084492711357, 2.218958920373795
0.9537229407425563, 2.2226126157258537
1.0659795726880628, 2.226504278068979
1.1711943461189327, 2.2301497709472287
1.2833475610125422, 2.234033772253534
1.3885623344434121, 2.237679265131784
1.5007155493370217, 2.24156326643809
1.6059303227678916, 2.2452087593163395
1.7181869547133972, 2.2491004216594654
1.8234017281442663, 2.252745914537715
1.852537061341956, 2.2562667597293933
1.9552764954625128, 2.2851732570440446
2.05661278225102, 2.3137108592942632
2.1647284559167237, 2.3441689872628784
2.2660647427052307, 2.372706589513096
2.367304619159843, 2.4012042725225635
2.4754291856730064, 2.4316307986161108
2.5766646157038915, 2.4601442825631126
2.684780289369596, 2.4906024105317277
2.7861187993699663, 2.5191321123131787
2.8874573093703355, 2.54766181409463
2.995481019125876, 2.5780642218849614
3.0229525881471324, 2.588388899673822
3.043628624981538, 2.6033551994689983
3.0720011819562094, 2.6275280261645286
3.0906886233113657, 2.6441577670232106
3.1048899346126655, 2.665242677694066
3.1130011566479903, 2.687811583007175
3.115471096610056, 2.7132159083740475
3.1108188920594744, 2.812893382928156
3.1055709798267586, 2.925094788432806
3.100655548052885, 3.030154150656315
3.0957311985377274, 3.1353168291515248
3.090475087865247, 3.2475178529977478
3.0852278949340524, 3.359615560572267
3.081373454815263, 3.388709005340301
3.0722879553401654, 3.410792165622002
3.0570862467685216, 3.4312958247193053
3.038512281080309, 3.4464661668888508
3.0154808035093956, 3.4572280869506433
2.9919277973792564, 3.4617433866254506
2.9664474522520545, 3.4602462080023715
2.8686000192160668, 3.4401511316942552
2.7586772955863417, 3.4175585417713448
2.655656716233054, 3.396383264493142
2.5525305605733495, 3.375206946154571
2.442505519984972, 3.352597473753178
2.3393826236730306, 3.331405313996493
2.229357583084654, 3.3087958415950998
2.1263370037313667, 3.2876205643168968
2.0164126504277613, 3.265035895103043
1.9132897541158196, 3.2438437353463585
1.803264713527443, 3.2212342629449657
1.7001418172155014, 3.2000421031882813
1.5901167766271256, 3.177432630786889
1.4870945675999547, 3.156265274217742
1.45905130040869, 3.1479677445855567
1.4372616170839438, 3.1344786712313297
1.4206661809611594, 3.1173089344376876
1.4086148262164093, 3.0966935252999748
1.4015286701011989, 3.072172661900235
1.3878651141982945, 2.9732219624896894
1.3725237583517194, 2.8619504876693593
1.3581372667371234, 2.757660175086887
1.3437790949879103, 2.6535751583953244
1.328429727950291, 2.5423047855218996
1.3140512475267405, 2.438013370992524
1.3051409867296095, 2.393560415531229
1.2918716785078777, 2.3575154770422175
1.2722145460744143, 2.321660597061506
1.2606158181052494, 2.299728950680552
1.2444306364521733, 2.263192363350421
1.2239727148951767, 2.2308063509290044
1.1990191495662497, 2.2016063848969756
1.1823935009392736, 2.181029689378881
1.1614305507363971, 2.150209377376576
1.1336834931361621, 2.12003426050953
1.1037771937385885, 2.0959318644884513
1.0708145065011647, 2.076416683273344
0.9739365105453861, 2.0292160815894347
0.9345570624856093, 2.012270551849974
0.8977492177170097, 2.0016245573329776
0.8573541830960459, 1.9952043910314834
0.7570068796497984, 1.9865639584626298
0.7115798579865665, 1.9849631025875376
0.673432005126995, 1.9885555885724469
0.6334961131517858, 1.9973933692267798
0.5973923352498806, 2.010225534524042
0.5629874166613044, 2.0273247975451008
0.5289727715298808, 2.049853359796265
0.4998077950044353, 2.07486322137581
0.4738448000278137, 2.1031828981035336
0.4065535089266278, 2.187356086120866
0.3408292996798674, 2.269598203139599
0.2707831024717791, 2.3572735094339388
0.2050717149878141, 2.4395258754872478
0.1785918141990872, 2.476344529539181
0.16035948674505202, 2.510162899148626
0.1455859072367248, 2.5481928040528303
0.13619796644376422, 2.585447991700621
0.11824818203850357, 2.684659518309333
0.11244530882835095, 2.7296389138366566
0.10729103807493556, 2.830225539396355
0.10285308892503965, 2.8608947955853097
0.09331088221974725, 2.882784873935327
0.07597672034435504, 2.9158996925205236
0.06249692534503068, 2.9545037136773624
0.055346582637906094, 2.992242072019066
0.05376338797625313, 3.032997706431061
0.057969251521996314, 3.07117637018012
0.0684223834292658, 3.1107073144085997
0.08358304443862524, 3.1458859409219166
0.09342141171026595, 3.17055334017625
0.09647472240484979, 3.1941330725387664
0.09383086938210924, 3.217969121501092
0.08486998918625434, 3.2418687356506437
0.07119712169580109, 3.2615712590152883
0.052022336092476563, 3.2782624359258636
0.030626537554703393, 3.2890949649515853
0.007267038545613669, 3.2945231642734085
-0.018149817132514456, 3.2940363827368317
-0.04128229760429036, 3.2877090957124717
-0.06349447461919507, 3.2751353448587284
-0.11486099770784361, 3.2297536430833413
-0.13269347014110147, 3.207243500539231
-0.14223176306243202, 3.185240021076975
-0.14625135213547488, 3.16170128401102
-0.15035251224002766, 3.121951216763608
-0.15979459544696542, 3.084826823269202
-0.17562488110560662, 3.04712570755152
-0.19551729569052445, 3.0143892387761966
-0.22175864644328144, 2.9828958325356085
-0.23736005885307374, 2.9636062709344864
-0.25863994561892545, 2.9328778282811037
-0.28664663288208886, 2.9029433743052344
-0.3165877825925666, 2.8792154279787314
-0.3358858014627151, 2.8632985864752163
-0.3648804290918091, 2.835799638296474
-0.39613318277224957, 2.813828089776811
-0.4325906252274562, 2.7950590187390785
-0.4685638403619209, 2.7818652086012112
-0.5721154973687053, 2.7516552559323095
-0.6730851218869762, 2.7222143662552862
-0.7146580544468584, 2.712177023583684
-0.7554239922205027, 2.70775258225573
-0.7937358221892314, 2.708357880463513
-0.8342397747213772, 2.7140511033784467
-0.8712346253724389, 2.7240273866233817
-0.8971371378807061, 2.7298856995651364
-0.9966377393491523, 2.737427151428019
-1.101615358540366, 2.745373070844962
-1.2135158574651461, 2.7538410940798346
-1.325520607988296, 2.7623046337334825
-1.3547640863689314, 2.7620224680666845
-1.3794199336314525, 2.7550340990529008
-1.4000060408931343, 2.7431370963927315
-1.4173327191946112, 2.7265564070726502
-1.430875419729369, 2.704921153605037
-1.4481265240787489, 2.6717628982025277
-1.4720819562892282, 2.6386251438338792
-1.4988729224264359, 2.6112456933170325
-1.5315670200028944, 2.586516283181558
-1.5652051151716895, 2.568189816489478
-1.603609056038334, 2.5541504207149286
-1.6412398838029392, 2.5464541279055473
-1.6794820636177767, 2.5442339673744736
-1.720204097809475, 2.547934948400998
-1.7575237578552385, 2.5566167429718156
-1.7959118620351473, 2.5707351995036087
-1.8298602262450345, 2.588702655143597
-1.8534816385490072, 2.6003825017596918
-1.876942864418039, 2.6053525335939174
-1.9835966233755191, 2.6131135515893926
-2.088494209054924, 2.620737766744302
-2.2004195146856427, 2.628871415929804
-2.2297652382121704, 2.6285062929451914
-2.3282631174301365, 2.611890028565471
-2.4389175193153774, 2.5932076191774858
-2.5427246054638193, 2.5756711551471647
-2.5725729662573236, 2.5677321136084013
-2.5932986914603746, 2.555666964246454
-2.6115290726455305, 2.537802345850234
-2.636085538239364, 2.509623749084477
-2.6519696280817557, 2.490565800328662
-2.6629398282567944, 2.4675191724513525
-2.667618122761186, 2.443998026660572
-2.6736518141208157, 2.3443946272659546
-2.68043234646439, 2.2323792086971777
-2.686782927055599, 2.1272930083420847
-2.685778224565137, 2.096320328880096
-2.6664097555193456, 1.99843210504645
-2.6576403995416285, 1.9688173220237601
-2.645063998133999, 1.9485181199120147
-2.6279500447241975, 1.931718030006525
-2.605904450581477, 1.9188540022078
-2.582958866016656, 1.9122425015914684
-2.5574481222064, 1.9114042542221348
-2.534020219549818, 1.91652908019633
-2.51248408935084, 1.927080436232636
-2.4930966093286093, 1.943524082449447
-2.479163907178132, 1.9630437275059514
-2.4698938866141633, 1.9868252055638649
-2.4473024552576397, 2.0840202148578175
-2.4235098452613997, 2.186467978359661
-2.398104548017147, 2.2958812736204846
-2.374284570422914, 2.3984290578302176
-2.37010969937501, 2.4291351098497764
-2.373252020295718, 2.452806808098332
-2.3810974745104665, 2.491884893217525
-2.3830858917127076, 2.530243267521003
-2.379566379118228, 2.568387641549845
-2.369827595589086, 2.6081008550247153
-2.3553002038165305, 2.6435457037229546
-2.3458946955533095, 2.6683814979082037
-2.3355866362726863, 2.704309471474559
-2.3186941941186285, 2.741546826514997
-2.297883200355387, 2.7737070713106826
-2.2726103594318694, 2.8026309243726883
-2.255824052955123, 2.8229437436484552
-2.234469768896816, 2.853620515791363
-2.206391890555466, 2.883488204254624
-2.176308238759356, 2.9072022706294964
-2.1408058207150384, 2.9274888218390456
-2.1194411658527836, 2.940101491905099
-2.086537903389507, 2.9627788548851837
-2.0520705874054763, 2.979728942363638
-2.015627694001598, 2.9915310204843637
-1.9906912332436082, 3.0003626783632775
-1.9566100712529921, 3.0157102980517974
-1.9171749417521158, 3.0269046576678194
-1.879181571934163, 3.0317922333216916
-1.84077673685802, 3.031181085751481
-1.8005396481004332, 3.0245096606505726
-1.7639600511111377, 3.0131039168907097
-1.7266235361474482, 2.9961502106188074
-1.638137113440723, 2.94804210070668
-1.5394610069299401, 2.894379062709435
-1.4469763832920395, 2.8440796404126427
-1.4083721489918928, 2.8204754918804587
-1.378443542956225, 2.7963848654383177
-1.3516122082539386, 2.768886404441265
-1.2818146766690717, 2.686915515199191
-1.2555811803916017, 2.6530080985729723
-1.2360471889655609, 2.6199248040410454
-1.21975731580905, 2.5824064218594147
-1.2089603913181814, 2.5456424315219133
-1.2023616398285903, 2.505276245498929
-1.2008968497775985, 2.466884315758176
-1.2040056668116725, 2.428797780186214
-1.2201836035335552, 2.326658515199828
-1.236696851066239, 2.2226837585805495
-1.238697668919562, 2.1918629623581296
-1.2289093667044955, 2.0925582100935554
-1.2178800073131506, 1.980776945875619
-1.2075415169246215, 1.87600789035157
-1.1965121575332773, 1.7642266261336323
-1.1861798033081787, 1.6595610893306276
-1.1758413129196508, 1.5547920338065764
-1.1648180896917353, 1.4431142883096846
-1.1537887303003902, 1.3313330240917525
-1.1519823949592425, 1.288615999952113
-1.1561147109915682, 1.2504291423206988
-1.1582311870079627, 1.224162693016339
-1.158151787770941, 1.1866819732271376
-1.1640331154641284, 1.146217300568779
-1.175089719719005, 1.1095412335587576
-1.1820323544237268, 1.0840144925994997
-1.1888313362733085, 1.0472606792508377
-1.1928377429681596, 1.0226724996775793
-1.190558922602614, 0.9972502599204386
-1.1826602383477396, 0.9747153295479167
-1.168504450813975, 0.953352972596585
-1.1508294868158144, 0.93729625117284
-1.1284009611595027, 0.9253290065483989
-1.1051217481113862, 0.9195663108245543
-1.0795979072761386, 0.9197042411237482
-1.0564791270442262, 0.92568351193571
-1.035354441623006, 0.9370362191961072
-0.9791785386543778, 0.9842783218631895
-0.9617874345658236, 1.005029958487099
-0.9509813532528412, 1.0281539019904142
-0.9220881629382746, 1.1237735507410442
-0.9068334653076249, 1.1663732812123486
-0.8989787572416397, 1.1900146844453285
-0.8972087188228824, 1.2155807716764933
-0.9046266509941117, 1.3149867566115803
-0.9124743417573412, 1.419971770440229
-0.9208483511347769, 1.531983259876318
-0.9286796724061003, 1.636969490276211
-0.9370373122916301, 1.7489821962835461
-0.9448732309423957, 1.8538641800414606
-0.9532354682073669, 1.9657726394068125
-0.9610749742246434, 2.0707582615210756
-0.9689062954959655, 2.1757444919209714
-0.9772721201274469, 2.287756589642681
-0.9851198108906768, 2.3927416034713214
-0.9934702760431828, 2.5045470327659336
-1.001301597314507, 2.609533263165831
-1.0019315661292572, 2.654866159707755
-0.9965319691191081, 2.692894440189864
-0.9935130837651053, 2.7175199110312236
-0.9914392838510858, 2.757427147933178
-0.9838694746204174, 2.7950836623311344
-0.9700040331145043, 2.8334409810470578
-0.9517446175784114, 2.8672330804475745
-0.9397992022267195, 2.890836705562285
-0.9256951336727561, 2.92556228698574
-0.9064113613137414, 2.9586610717576876
-0.8808238736044532, 2.9905555180205012
-0.8655870280135897, 3.0101352897066254
-0.8433039249036163, 3.0433067745838853
-0.817460311411084, 3.0717217939240458
-0.7858551461548047, 3.09750226338363
-0.752825768062483, 3.117107678813925
-0.7149600825458662, 3.1325400485498127
-0.67773883901624, 3.1415931917076088
-0.6396047124497728, 3.1452234214775077
-0.598670703214964, 3.1430200989972352
-0.49893684276632194, 3.128970386970722
-0.38771277911159474, 3.1132889772134282
-0.2834670028126536, 3.0985832651375738
-0.1792200944425418, 3.083885560051402
-0.13479249764788742, 3.0753048890634336
-0.09832024342503541, 3.063227587242802
-0.06137766846677555, 3.045671347873558
0.026341791292542494, 2.9959680777654434
0.06435292069720562, 2.9712572928525334
0.09286425709522535, 2.945674397691904
0.11173157301284906, 2.9294067125189223
0.14373128619376932, 2.9054711564543867
0.17073133691345968, 2.8782977725622136
0.19494020012537733, 2.845344560713974
0.2131649049248655, 2.8116400710253617
0.22726405532380906, 2.7759007298815868
0.23743887768611827, 2.736391136229291
0.25550592821903695, 2.637200901444398
0.2756188430840112, 2.5266922270917727
0.29446399908852583, 2.423114725671434
0.3145623670715672, 2.3127087263709556
0.33342367155817376, 2.2091341688998427
0.3522623549217998, 2.1056608145062716
0.3723752697867758, 1.9951521401536396
0.3912123515502444, 1.8915731667586921
0.41132526641521827, 1.7810644924060657
0.4170113115258344, 1.7386767843341948
0.41732791225227567, 1.7003614425784954
0.41090525959012936, 1.5926844373454805
0.404222435671083, 1.480663153058675
0.3979614921085438, 1.3755715830897173
0.39170054854600483, 1.2704800131207665
0.38501772462695893, 1.1584587288339583
0.3787322028596691, 1.053368626022388
0.372049378940624, 0.9413473417355775
0.3657884353780836, 0.8362557717666171
0.35952749181554405, 0.7311642017976648
0.35284466789649765, 0.6191429175108544
0.34656733886412505, 0.5140523256468227
0.3415751386613698, 0.46897591461197197
0.33247043008393284, 0.4316504430264306
0.317981229767205, 0.3935113370960101
0.3000063443697671, 0.35955554363851705
0.2780961343520275, 0.32799573961189005
0.21080259828290543, 0.24382434358013308
0.18227301404561078, 0.21198039342715766
0.15061832301587638, 0.18609678567550766
0.11761004919895714, 0.16645574899298646
0.09525766807807082, 0.15230739521583214
0.06542170817119453, 0.1297935940543536
0.044860748080537256, 0.11331197715172527
0.030453027165342053, 0.09413999821296022
0.020602573611577343, 0.07059308262904318
0.01706008480350236, 0.046874180757869414
0.019587994943736694, 0.021578381503519494
0.04366434099835041, -0.07536625361630096
0.07076342457734837, -0.18437238861760255
0.09615361524546388, -0.28654272150907034
0.12319986382562956, -0.39545520523201416
0.14855315099482092, -0.4975279336664595
0.17395130741289114, -0.5996962899685939
0.20105039099189068, -0.7087024249698998
0.22644058166000516, -0.8108727578613643
0.25349479599012437, -0.919783264994977
0.26291576105932146, -0.9474690809073515
0.27728076891514325, -0.9686917992172216
0.2951111511417424, -0.9845749562854954
0.3269437897006052, -1.0087506729804654
0.35441711798789327, -1.0354598623507236
0.4217729638596147, -1.1104819385021643
0.49679097730248645, -1.194082136469793
0.5670342484027905, -1.272360571473216
0.6373497726096209, -1.3507133924074526
0.7123738949699833, -1.4343081093893295
0.782695528094303, -1.5126554493378142
0.8576412884306432, -1.5961812613746216
0.9279507037199858, -1.6745395632946167
1.0029025729738148, -1.7580598943456682
1.0732180971806464, -1.8364127152799083
1.148248328458498, -1.9200019512760305
1.175287252976866, -1.953137061742909
1.196860955532924, -1.9878868769350253
1.2129376617991894, -2.022781451169561
1.2246697482082856, -2.0591490919151894
1.2323396755155263, -2.0994308131019555
1.234807086382374, -2.13766766817258
1.2323823539985022, -2.1784978485634623
1.2254033440311918, -2.216173518714758
1.2130087622533137, -2.2552607507244704
1.1970080387662287, -2.290076429428972
1.1487997662788012, -2.3786263088398734
1.095125197323247, -2.47717816785956
1.0447714389425533, -2.5696332184249724
1.0325736097411986, -2.598008092829519
1.0292586422227081, -2.6216559952778122
1.026368285397109, -2.6615123834046956
1.0180316817548716, -2.69900655856661
1.004440952220037, -2.734821003414308
0.9844400895462571, -2.7704854298474477
0.9726165960334323, -2.7922963066294972
0.9560783746488158, -2.8286744792386624
0.9352480292708987, -2.860945443747539
0.9100744863415967, -2.889819067773142
0.8789390633240054, -2.9163251624919093
0.8602094121953217, -2.9327519612892723
0.8321438848144403, -2.96105321916219
0.8014113176862496, -2.9840929410900183
0.7654191012125867, -3.0034971641246884
0.74366875680495, -3.015643591952321
0.7124743896842428, -3.0362341754922664
0.6754304319006733, -3.0535466250714625
0.6387085045274696, -3.0644498549105785
0.5982200732134754, -3.0701643194559805
0.5598115969927494, -3.069835123284684
0.5193445387955309, -3.0638874038132453
0.4824121838734951, -3.0536815977096015
0.3873754787192248, -3.0203310260810095
0.28139353154462937, -2.9831218427437975
0.18205378849350326, -2.9482642331962228
0.1400761249951025, -2.931097839455674
0.10677043940901901, -2.912153273751041
0.07596842695289868, -2.8893629543160877
-0.006192554090962641, -2.819469022449761
-0.03751036158481201, -2.7901928499313184
-0.06348525627241747, -2.7587311295930768
-0.08409860401882308, -2.7263090941750447
-0.1356187027661528, -2.6316575036390986
-0.1543364907079345, -2.593088980101068
-0.16686423914454238, -2.5541657008334187
-0.17307408914965494, -2.516365954639357
-0.17366144192067692, -2.475480416456949
-0.16851921528448968, -2.4374164798565445
-0.15713972032760343, -2.3982495578254612
-0.1505152467208771, -2.3741273631436326
-0.14991418810973778, -2.350358711653948
-0.15553165228481178, -2.3254600170573596
-0.166395114077066, -2.3040797558835835
-0.18318773545104863, -2.2848571743347996
-0.2028293623973042, -2.2712770380577525
-0.22674076603611215, -2.262347494066165
-0.2505799723119791, -2.2597343665965037
-0.2742558125127286, -2.2628436789094777
-0.2979745025297128, -2.272273637195662
-0.3845501772327819, -2.3220991816008856
-0.48180868030322765, -2.3780832136930528
-0.573050140558082, -2.43060400280248
-0.6703168319688039, -2.4865738084616993
-0.7615541980535179, -2.5391017107875977
-0.8588963657874841, -2.595148102500842
-0.95004597303853, -2.647620758422133
-1.0412915274635266, -2.7001344343150873
-1.0816924347478087, -2.720739861536458
-1.1178791041723404, -2.733647669379875
-1.1551466191254125, -2.7420965580804424
-1.1959511075816733, -2.7461517687767545
-1.2342557421007185, -2.7452025332154375
-1.2747076315216423, -2.7391506138635795
-1.311610628039694, -2.728838801562014
-1.3492477606910032, -2.7125940106499784
-1.372266659491189, -2.7030665936617955
-1.3958792784600949, -2.6995087814374243
-1.5027006187203895, -2.697988274080718
-1.6079682616957276, -2.696517654709963
-1.6372411756731, -2.6986104409013807
-1.6612293074488917, -2.7070269299054868
-1.681219361097104, -2.720275831973518
-1.698383588818569, -2.739167032126311
-1.721247233100561, -2.7687358508758066
-1.7368017229674226, -2.79013381170221
-1.7456153891296917, -2.8123268726452877
-1.7489157074739028, -2.836080572752796
-1.7491393985624053, -2.94301610616693
-1.7493420667150352, -3.048190209406451
-1.7465379684197087, -3.078949125866001
-1.7381390566176749, -3.1014121848589964
-1.723600732961557, -3.122391647523094
-1.70560269719145, -3.13808505591453
-1.682839388624693, -3.1496316375323095
-1.6594433674939293, -3.1549000842635366
-1.6340303450587637, -3.154232633762838
-1.5356796334530938, -3.137368998056332
-1.4249730799467824, -3.1183753988845258
-1.3212113897912066, -3.1005722801977877
-1.2174496996356234, -3.0827691615110506
-1.1067431461293151, -3.0637755623392424
-1.0030842710000678, -3.045985965799833
-0.8994253958708165, -3.0281963692604195
-0.7887188423645085, -3.009202770088614
-0.6849571522089289, -2.9913996514018764
-0.5811954620533497, -2.9735965327151397
-0.4704889085470379, -2.9546029335433324
-0.3668300334177986, -2.936813337003923
-0.2562262949378152, -2.917833259979441
-0.15246460478223242, -2.9000301412927008
-0.04870291462665618, -2.8822270226059667
-0.013361374494378447, -2.8736262793364995
0.0074332904299310824, -2.8618869371153624
0.025908227561109196, -2.8442750925952724
0.05083371873599984, -2.816422343426176
0.08225086316550992, -2.7902511247591337
0.11507857911651491, -2.7703099358338332
0.15268695027069693, -2.7545260666920264
0.17551557828690087, -2.7445518360327963
0.20865224777919922, -2.727037567864626
0.24710452162987756, -2.7134377521288813
0.2848120335622721, -2.706126219057438
0.3256540917711125, -2.70391588326417
0.3637748947652903, -2.7065721532298745
0.40401549345273546, -2.7144553777760425
0.5013067481097345, -2.740904059386091
0.5317332313749915, -2.7462101620393
0.63151451186723, -2.7471807897702463
0.736787645842256, -2.7481843369307697
0.8491065399360074, -2.749263678120233
0.9543795993449129, -2.7502753115598026
0.9850573998376774, -2.7477244936674734
1.081939283375784, -2.723396876281495
1.1840431133077933, -2.697740582588739
1.2928803665609652, -2.6703931748902763
1.401817118298013, -2.6430165468253994
1.5039189490320155, -2.6173522930267987
1.6127562022851873, -2.5900048853283364
1.7148600322171994, -2.56434859163558
1.8169638621492161, -2.538692297942821
1.925797117006368, -2.5113289700326704
2.0279009469383884, -2.485672676339912
2.136740199389561, -2.4583332287472968
2.238844029321578, -2.4326769350545376
2.3477787818606157, -2.405292346883817
2.4498786133966166, -2.37962013297937
2.551882944844755, -2.3539930596530283
2.6608236949778177, -2.3266323517998413
2.762828026425956, -2.301005278473499
2.871760779766987, -2.273612730196934
2.973862610501001, -2.2479484763983297
3.0826998637541663, -2.2206010686998696
3.1848056928841872, -2.194952735112957
3.2267256707935847, -2.1864813526591727
3.2676288934241704, -2.183588918138255
3.305788032548739, -2.1856210519398673
3.4058720806152882, -2.197799091075471
3.5173720042467918, -2.211380846777609
3.6218766628767463, -2.22411723965602
3.733375597090245, -2.237707142819711
3.7626020789824164, -2.238754863011223
3.785893482175644, -2.2334896149502774
3.808738445357977, -2.2218769473478353
3.8277445751743597, -2.2049939731135213
3.8412248989853737, -2.1851589766724846
3.859919288745037, -2.152912183781076
3.8836725713176707, -2.1227279755654718
3.900588000641385, -2.1011838051301184
3.910247786088556, -2.0792334045199348
3.9144810584349217, -2.0540625648596627
3.91254436561564, -2.030261756892287
3.889532386094289, -1.9259374722778608
3.866847472263275, -1.8231326433498742
3.8426504134050643, -1.7134458198048486
3.819965499574055, -1.6106409908768666
3.795782781958383, -1.501057117766645
3.773089854089541, -1.3982540595095476
3.748907136473864, -1.2886701863993182
3.72623023668068, -1.1858635868004284
3.702029170975423, -1.0761776493687263
3.679344257144416, -0.9733728204407542
3.6566776914029826, -0.8706700558342237
3.6324949737873067, -0.7610861827239922
3.6098180739941217, -0.6582795831251103
3.5856170082888683, -0.5485936456934252
3.5629320944578566, -0.445788816765441
3.5387493768421803, -0.3362049436552172
3.5160644630111695, -0.23340011472723177
3.4918817453954927, -0.12381624161699814
3.4831516975532493, -0.0957973147231677
3.46804577184793, -0.05880134079709535
3.4588684414971036, -0.02150413835052186
3.455144462956801, 0.01651699654636311
3.457233603254695, 0.057456971620922906
3.4648331516500064, 0.0950020100895319
3.4787821540419674, 0.13343885672449415
3.486914399109588, 0.15687801183119646
3.489032735142211, 0.18241743120232143
3.485106117438205, 0.20597138115273797
3.474866773415214, 0.22935175966108454
3.460216668773481, 0.24820904188187642
3.4414241113364823, 0.2631077193197425
3.41814301090163, 0.27357111843371207
3.394626494406917, 0.2777186874137719
3.369169939101249, 0.27585767497582175
3.346414456316619, 0.2682867564279379
3.3261937359914096, 0.2555849892866892
3.308571191340654, 0.23712017279839595
3.2968178596843276, 0.2163338543812073
3.290071703018348, 0.1916106370350903
3.2896233776427457, 0.16783859325058118
3.3012928836834554, 0.06863297368023848
3.3144361882230364, -0.04291947671417417
3.32675195215236, -0.14747453135847258
3.339870920385793, -0.25892551135095915
3.3521785332368332, -0.363481525161846
3.3551895260722144, -0.4061424948114719
3.3527912677400438, -0.4470778201820035
3.345859185950137, -0.4846569413034991
3.3335003659196936, -0.5237555275387781
3.296339868497057, -0.6173682081580142
3.277455212413738, -0.6587149753933369
3.2571703253685778, -0.6912217818845035
3.2314017876587666, -0.7229858332564767
3.1624356440439083, -0.7965303286801396
3.1317512312113487, -0.826321621534637
3.098981417108548, -0.8507985722927893
3.065689513529198, -0.8697668183408778
3.0302738657271, -0.8846602769622884
2.9282314277114274, -0.9196306609024966
2.8872679099991623, -0.9315553688670227
2.846750614127883, -0.9378634502418783
2.8084520521244776, -0.9390358892780433
2.7677274953508957, -0.9352288610137279
2.730309669295907, -0.926979307911701
2.6335459932842458, -0.8986612554764538
2.603229034412898, -0.8927581904301968
2.503382031944721, -0.88984172440173
2.391209044171795, -0.8865784105012052
2.2859754443618083, -0.8835244247210624
2.2566740123469446, -0.8851775836566197
2.2324677183182255, -0.8932735246011384
2.212290199613376, -0.9062356063965655
2.194920769548931, -0.924798224254838
2.1833292187643196, -0.9457926597170802
2.1770800149164216, -0.9688394535993679
2.1655941253485747, -1.0696305290436428
2.1537238422380067, -1.1741328185734454
2.1410519966764294, -1.2857398171389647
2.129174055883134, -1.3903455239690736
2.1165182798711304, -1.5019543510455222
2.1046483738526214, -1.606560972131094
2.0927780907420535, -1.7110632616608825
2.0853832118940883, -1.7558084150203934
2.074291740877766, -1.7925924021574393
2.05778864862279, -1.8299043914704245
2.0380202186315666, -1.8628484207187441
2.0145232450600647, -1.8931145321658909
1.9451309206565666, -1.9697882475908506
1.8697182135995787, -2.05303260212726
1.8396244609113048, -2.083274456910583
1.8093428163858059, -2.106919858205496
1.7742441865766707, -2.1279214422628994
1.7391852530553302, -2.143382166887428
1.7000095803311501, -2.155140015925726
1.6621288780934083, -2.1615537065975685
1.6213697833527603, -2.1633524892287666
1.5830722439639073, -2.1602866658361295
1.5455168130643528, -2.152688323120354
1.5066377478673907, -2.1396552192921034
1.4721831407233807, -2.123128659109614
1.3844467437632773, -2.0734552549205367
1.286707134174917, -2.0181048469241945
1.1950948094620266, -1.9662336429230536
1.1669241488081108, -1.9535697082800967
1.1314903393669056, -1.941673942403029
1.0971686971008465, -1.924430820754848
1.0638357420507574, -1.9009267285730729
1.0360621629297382, -1.8743950583464961
1.0110060104512473, -1.842081476243047
0.9563013602160382, -1.7573907469812753
0.9337107175959087, -1.718184807354222
0.9189748029077789, -1.6827031035582303
0.9086131984070034, -1.6458143360774729
0.9024824073246674, -1.6052696526541632
0.9014844946614559, -1.5670694811160368
0.9054788478953769, -1.526259057064021
0.9138931106827105, -1.4888779261000409
0.9446434604272096, -1.3854854626559912
0.9505700998430913, -1.3568475887556064
0.9558814539929876, -1.2500438217118786
0.961071070842158, -1.1449976490142808
0.9666211194210554, -1.0328107843464667
0.9655645132816666, -1.0034824353203642
0.9466907612976099, -0.9054976167267301
0.9254365412376686, -0.7952027638042864
0.9055297216697586, -0.6918240526805324
0.8842991677076607, -0.581630163582894
0.8643918384582252, -0.47835708237347585
0.8431376183982847, -0.36806222945103034
0.8370111565001066, -0.3256316024184406
0.8362995869059981, -0.28732159980806055
0.8406046665691089, -0.2466466788220486
0.8493038032394767, -0.20933086058981074
0.8787961465423229, -0.1129186063089234
0.8942391409718383, -0.07027676647208929
0.9122189481210632, -0.03633496328373471
0.9364334214809186, -0.0035144282246346026
0.9509297371678985, 0.016746536355682146
0.9718645797463087, 0.05078503994491474
0.9964747922796893, 0.08014006810052467
1.025114653030746, 0.10573420244474703
1.111034727803761, 0.1707801898398245
1.146303247901994, 0.19497052179177526
1.1827311596002343, 0.21357130042648365
1.2188433204382771, 0.22668595338792488
1.2562659902687692, 0.23538357182179803
1.2968422832406972, 0.23963817021436068
1.335254993834188, 0.23890107036157102
1.3757395409261783, 0.2330719147127271
1.4127004049292997, 0.22296971530070228
1.4368326790615569, 0.21721385947669153
1.4624558527554727, 0.21765063602502208
1.5609515376651333, 0.2336456937617384
1.6718236914321472, 0.25164738702113815
1.7756385695938846, 0.2685027005370182
1.8865094074174162, 0.2865124949303198
1.9904259062004592, 0.30338847308829964
2.0187887907413042, 0.31051586088628846
2.0410340591896414, 0.32303120902496707
2.0583397842373987, 0.33948522178135127
2.072006954801783, 0.36116346554475987
2.112565325649995, 0.45233506403882046
2.1553478552243606, 0.5485280602564956
2.200966919035124, 0.6510577116776848
2.243756947551186, 0.7472473723367609
2.2893993761668128, 0.8498800384387865
2.3321360441112176, 0.9459800266514018
2.3526435541346284, 0.9864307003102233
2.374277141914228, 1.018180820978873
2.3995576052891145, 1.0471117444361757
2.429994842137314, 1.0742797718782329
2.509813729552331, 1.1358757616970934
2.5470809986088634, 1.1617207235369678
2.5811132237394485, 1.1793267712126312
2.6170069081011, 1.1927360235370517
2.6568970973057042, 1.2022338555614853
2.694982472340742, 1.2064363058417031
2.7358805490927893, 1.2058673693629811
2.7738345605104318, 1.2006098176158093
2.8109881054383443, 1.1908274993516368
2.8376911719693316, 1.1842821799605854
2.861466143670393, 1.1845279882260351
2.967261169175214, 1.200105866082792
3.0714165137375664, 1.2154389142315987
3.175571858299918, 1.2307719623804052
3.205482423075513, 1.2380493852625472
3.226463372539051, 1.2496660205716725
3.2450760683990953, 1.2671319849394764
3.2702175427902893, 1.2947900595564228
3.28742746387758, 1.3148808315373468
3.2979789668299606, 1.3363025323144797
3.3031588726142638, 1.359718315704678
3.3023874473090773, 1.3852309922980883
3.295832929612707, 1.4081933210751767
3.283026489007639, 1.4302726278449485
3.266266518566335, 1.4474258740379762
3.245906917660158, 1.4600996138629898
3.2216885776566304, 1.4678287722899737
3.1977519002917556, 1.469302206937302
3.091213929477144, 1.461379511061497
2.986226804316232, 1.453560159697111
2.8812402916122504, 1.4457326238978483
2.7693312089680293, 1.437378828671246
2.6644483327786257, 1.4295549330576698
2.55243438870596, 1.421213866515132
2.523459530977319, 1.4165524971640382
2.4218548461863825, 1.3835434995017264
2.321731292750601, 1.3510056227070026
2.2150060240928426, 1.316319208658733
2.1148824706570677, 1.2837813318640117
2.0147589172212923, 1.251243455069289
1.9079338462811757, 1.216528875749067
1.8078102928454038, 1.1839909989543458
1.7795448694095137, 1.171797753372334
1.7608046451420363, 1.15683330220214
1.7461650846037793, 1.1378383808259698
1.7239706038218359, 1.1047319070426518
1.7104574797003491, 1.0838029357108505
1.7023869865934738, 1.0596965004503573
1.6845927683512953, 0.961404590886278
1.6658570475215522, 0.8578072428156611
1.6458952098051238, 0.7473764797172301
1.6271675655643953, 0.643777672610075
1.6071832688969392, 0.5332456703214773
1.588447548067198, 0.429648322250874
1.5684776337617572, 0.3192190181889905
1.5585006709568907, 0.2775382683708854
1.5441533695681755, 0.24213174484110822
1.5233080841474493, 0.20683423704462245
1.499156259229123, 0.1771008577149927
1.4689646570681327, 0.14952462808436423
1.389036742263806, 0.08824033658232479
1.3516081820213413, 0.06244733019908911
1.3174255434262179, 0.044907556713259515
1.218532210901524, 0.0023513482280541915
1.1784027479905772, -0.012732789538894907
1.1385837424254546, -0.02208225891753953
1.1003825951687012, -0.02617765092564787
0.9926992286749537, -0.030365260584018356
0.9499334656636574, -0.030023222563423577
0.909311824697621, -0.02442615241629221
0.872389973627241, -0.014575907119580638
0.8367178495479414, -0.00030734103711206736
0.8009077917187257, 0.019456652709015008
0.7698210543092355, 0.042033528981630965
0.740026350356154, 0.06990498177413598
0.7154211219686447, 0.09941202726439927
0.6562552638004977, 0.18104855707459894
0.5904016262216735, 0.2719150967558149
0.5286105983601158, 0.3571518648672593
0.4627503167809202, 0.4480135861113012
0.43963464441545413, 0.4839813140965382
0.42305270484367236, 0.5214709743104068
0.41290060131729833, 0.5585148563313183
0.40760029680526055, 0.5989676928653062
0.4073513898247907, 0.6372835389346136
0.4139560843401088, 0.744949537334261
0.4204120664269857, 0.8500293149996675
0.42730929376239773, 0.9621414310397491
0.4337548698875666, 1.0671180317015712
0.433067293949668, 1.0963553865032254
0.41410091834897866, 1.201595753952429
0.39541548547156274, 1.3052021969842638
0.376730052594143, 1.4088086400161022
0.35683080222665636, 1.5191454228511971
0.33813741167399475, 1.6227504275250604
0.3323452418898135, 1.6678351710138954
0.32723244654120665, 1.7685276747833678
0.3272303114864137, 1.8138796307608887
0.33216774693048795, 1.8518768279382056
0.34160461452462165, 1.8890129152830322
0.37456145284427933, 1.9870333214847216
0.3904573318992382, 2.026723584402559
0.411388192260473, 2.061970259925741
0.4355361024797374, 2.0915735051273514
0.45091109696302184, 2.1111754105985163
0.4733174410404003, 2.144263952580095
0.4991863998039366, 2.172516082189347
0.5310465716261275, 2.1983107792574472
0.5500900247750374, 2.214211895158984
0.5769312363060664, 2.2402233885017164
0.6101281863356428, 2.2640966095672086
0.6442896578685114, 2.281655253992928
0.682886561061472, 2.295191768683273
0.7801735111669629, 2.3216562749682823
0.8243804517602933, 2.3313090435388917
0.8626592829314694, 2.33459885877731
0.9633616680872413, 2.3364062043978495
1.0756677199606648, 2.3384177599716742
1.1809286517659725, 2.34030826195589
1.2931308821168956, 2.3423302860409976
1.3983919597037775, 2.344212582001484
1.50365318307223, 2.346086671938238
1.6158557049862872, 2.348092283975886
1.721116491010028, 2.3499909919838315
1.8334222513203065, 2.3520189596051186
1.862612039042409, 2.355055512156815
1.9658170915654702, 2.3822528290121117
2.067615159144425, 2.4090966538145935
2.1694174102815005, 2.4359246060573456
2.278032081818778, 2.4645523635774373
2.3797309980125956, 2.4913658110703696
2.4883456695498802, 2.5199935685904618
2.5900445857437044, 2.546807016083396
2.6918468368807793, 2.5736349683261484
2.800461508418057, 2.602262725846239
2.9022595759970113, 2.6291065506487206
2.9312656891419713, 2.639717122939927
2.950735345679606, 2.6535426300751217
2.967288418660322, 2.6729718799250377
2.9778795309742634, 2.6944883588742563
2.98318794770821, 2.7194547647065543
2.982272487167281, 2.743316360093121
2.965031116788205, 2.8416015634673477
2.9455943983715835, 2.9522311787425273
2.9273839225745526, 3.05592215431452
2.9079631327387427, 3.1665545721223216
2.889796452947678, 3.270042830108583
2.8715859771506476, 3.3737338056805757
2.863427205700436, 3.4036294638201112
2.8512219934047938, 3.424273021626666
2.833315316590348, 3.442317913561074
2.812764704734426, 3.4546793023153755
2.7899642227830106, 3.4617747344696426
2.76447741594787, 3.463156093618717
2.6650934224026854, 3.454208319433141
2.553223035977892, 3.4441230786176904
2.4483707632203835, 3.434665891381863
2.336603946310309, 3.4245858595711614
2.231750937239554, 3.4151368465582634
2.119983384016246, 3.4050649889704934
2.015130374945484, 3.395615975957595
1.9032607248339373, 3.3855225609192154
1.7984084520764285, 3.376065373683385
1.6936590125203845, 3.3666215696752366
1.5817878897823585, 3.3565445030827172
1.4769348807115958, 3.3470954900698198
1.3651680638015267, 3.33701545825912
1.3362691609528685, 3.3319007476349496
1.3146000401949436, 3.321867984294238
1.2947704551645307, 3.305797004816139
1.2804739959242455, 3.286670219712336
1.2706418158938153, 3.263004505276675
1.267175768416699, 3.2393782737799
1.2697727327988213, 3.213986561105759
1.2940467937745936, 3.1171980492946676
1.321368042286947, 3.008247385329431
1.3469901160709636, 2.9061349484055623
1.372612189854987, 2.804022511481672
1.399898689691904, 2.695276786332433
1.4083806634449811, 2.653253542750755
1.4112505766765202, 2.6123487801186793
1.4091904890247284, 2.5740875899887126
1.4025711103761096, 2.536347040331846
1.3990660718898007, 2.5101265458588236
1.397182485663251, 2.4726933121989867
1.3892171095465564, 2.432692248521632
1.3762278866747577, 2.3965454956230103
1.3582376858259848, 2.362726322374102
1.346455430307259, 2.33904125801679
1.3326242639561905, 2.304317128000114
1.3120571856251184, 2.2688568839628185
1.288213483951112, 2.2390080789143467
1.2581726380431417, 2.2111156247858044
1.2265490260335954, 2.189497465426813
1.189749274675088, 2.171671567758367
1.1531842072098588, 2.160253690533202
1.0548178597473568, 2.1381362586133523
0.9453298904691616, 2.113522965470527
0.842616716536977, 2.090426600665524
0.7330285599667129, 2.0657865440286067
0.690909891105855, 2.058366237387984
0.6500502585504802, 2.0565044287358356
0.6118512685723646, 2.0595033969451517
0.5121054364775733, 2.074196544828899
0.4675287240442815, 2.083090474308887
0.43132876446652524, 2.0953303005101462
0.3944027053974865, 2.113160361380339
0.3069911811280283, 2.1634032332610587
0.2711791822510221, 2.1867590512544153
0.2407795702102381, 2.2141059193769954
0.2220121138058808, 2.2304895770691453
0.19024270379950572, 2.2545589683949347
0.1633383215517803, 2.281971933907715
0.13933387818655776, 2.3150742362057417
0.12132890332379831, 2.348897106132287
0.10670897590959673, 2.3870970159193496
0.09751245141532694, 2.424400051631764
0.09286105907818518, 2.4623291172126924
0.09293748014745991, 2.5033346335367543
0.10036510410471552, 2.603882886392224
0.10862928604723229, 2.7157986206105194
0.11639013459719093, 2.8207900802055663
0.12415098314715012, 2.9257815398006133
0.12356388181931945, 2.956661906377741
0.11679081010580342, 2.9796678317266867
0.10385112624538091, 3.001549698517892
0.08695715272419337, 3.0185709909907357
0.06659329069743947, 3.031041757134614
0.042221950298586886, 3.038627382691984
0.01837775384487967, 3.039916823324777
-0.005191368675908326, 3.035486587437363
-0.10654153113402967, 3.0017041823234005
-0.13349385834543823, 2.9900913749544444
-0.1534385924482564, 2.9741635135949207
-0.16787939160558651, 2.9551458848111407
-0.18829794157521132, 2.9238384681391376
-0.21546139399456837, 2.89313696909025
-0.244730753753365, 2.8685855629204693
-0.2646076987624422, 2.8509733007651707
-0.29044224884761266, 2.823961184355316
-0.32271022735797816, 2.7988462715634586
-0.35608900042411257, 2.780051576619895
-0.39191377364902696, 2.7661988601015812
-0.4317223923985635, 2.7568047593763256
-0.4698168451445087, 2.752684330747551
-0.5107136853219261, 2.7533374831400415
-0.5487588847384588, 2.758689985609694
-0.5856930804176421, 2.768493962480104
-0.6116151272892473, 2.77426416463725
-0.7112474648421011, 2.781428690567657
-0.8231792440908066, 2.789472720044043
-0.9280834519170447, 2.7970052706371495
-0.9590659542072585, 2.7963570871645547
-1.057166490985911, 2.778094375366507
-1.1606659972691844, 2.75882549652137
-1.271093236311758, 2.7382701925671267
-1.3744901244368943, 2.7190162566711233
-1.4042024521939696, 2.710579886704871
-1.4247277580457944, 2.698176954218237
-1.441710954765388, 2.68124451999537
-1.454762794792177, 2.659429432830888
-1.472669768366866, 2.6237051964419447
-1.4947103857800195, 2.592248452822216
-1.5209591948997765, 2.564348826613767
-1.5530779249784188, 2.5390432604848274
-1.5863427517719557, 2.5200476942297403
-1.6220848252384759, 2.505982854400449
-1.6618297854281905, 2.4968243159591332
-1.7001230986833518, 2.4938341918617053
-1.740910419809936, 2.4967252044149872
-1.778395448239148, 2.5046652200293775
-1.814661626935906, 2.517031582228094
-1.8408260908411322, 2.525475289997682
-1.8647641068598888, 2.526927078072512
-1.9711929290475205, 2.518934362468513
-2.076173929639119, 2.5110331667553645
-2.1881811366855506, 2.5026020714291914
-2.2931621372771565, 2.4947008757160405
-2.3981437503256915, 2.486807864437769
-2.510047933314456, 2.478388593732158
-2.6149259098483952, 2.470499222639574
-2.6454804857911594, 2.4653269658553
-2.667139201043742, 2.455272220890039
-2.6858701772283142, 2.440296034550188
-2.701226760248134, 2.420037142558877
-2.721420317965154, 2.3884612587103455
-2.7350072104943113, 2.3657633268391103
-2.7418239194095126, 2.3427706151341137
-2.742984418975084, 2.319022340523306
-2.7336844002021707, 2.2124917492204226
-2.724507504402469, 2.107614564082797
-2.714715328552233, 1.995718133885676
-2.705551508992119, 1.8909438214366745
-2.7000334578351293, 1.8605551711550534
-2.689669183362168, 1.8389283820802738
-2.6733213642914238, 1.819326321180829
-2.6540002930224618, 1.8052938428980303
-2.6319015932431298, 1.7962456316476552
-2.6065275528621448, 1.7926530867924146
-2.5827864890759424, 1.7952171764052958
-2.5589471549193825, 1.8040452170353303
-2.539186369722462, 1.8176337148253605
-2.522347244624681, 1.836815282401352
-2.511438477920285, 1.8581728622953264
-2.5059408166888475, 1.8814105018240714
-2.495625295127607, 1.9877434658181814
-2.485471624640917, 2.092530594581968
-2.4746373003435114, 2.204330930966792
-2.4651642836675327, 2.30210485210956
-2.464367601685287, 2.3399015079532206
-2.4705998989382794, 2.363059286672216
-2.4828725860018763, 2.398364382735472
0.0, 0.0
0.09823176, 0.0
0.20350968, 0.0
0.23275011920329491, 0.0025059852290287036
0.2552313597478364, 0.010556292425156932
0.27641657080428667, 0.024793124529967
0.2923708807364614, 0.0425601516187348
0.3042840555908981, 0.06525008635550085
0.30983837580217577, 0.08836845067205028
0.3095335681503343, 0.11399373489064442
0.3033953763770069, 0.1370701913387101
0.2648973438606252, 0.22924302686067816
0.22163382999932674, 0.3327886546840308
0.17837031613802828, 0.4363342825073844
0.13779205141589604, 0.5334776950404798
0.09721378669376333, 0.6306211075735738
0.053906521663222844, 0.734260754614632
0.013328256941089814, 0.831404167147725
-0.02993525692020937, 0.93494979497108
-0.07047734277422636, 1.0319960227954506
-0.11376946320251541, 1.1356420008185468
-0.15435530022577382, 1.232782247860622
-0.19493356494790628, 1.329925660393716
-0.21227330326518845, 1.3766169033720925
-0.22144567168330956, 1.399778764468406
-0.23769947085389337, 1.4333221011799862
-0.25000393270424437, 1.4724250850116232
-0.2559516285524944, 1.510162343668127
-0.2562749227084942, 1.551154145062501
-0.2508765880614043, 1.5891826898762635
-0.2392331696969168, 1.6282718075749805
-0.22294671653886244, 1.6630577242244264
-0.2123958263423982, 1.6873166287152772
-0.20859616207673273, 1.7108913914145718
-0.21051680719311458, 1.7347963556139328
-0.21869747784404275, 1.7588659239403543
-0.2317494905539282, 1.7789851004580308
-0.2504714379506155, 1.7963338242527764
-0.2715280521671922, 1.8078127377044608
-0.2961504088664677, 1.8141364779591034
-0.3201321201257607, 1.814227383717336
-0.3433498613805418, 1.808646736290874
-0.3659470421436617, 1.7967778530126495
-0.383719791026768, 1.7808298826462874
-0.3980064412343511, 1.759554591402844
-0.4060460480188724, 1.7370695514294991
-0.4085218235005458, 1.713318766711081
-0.405098651618388, 1.6065414776648255
-0.401717377872345, 1.501317881669018
-0.3980955723200057, 1.3890522227711903
-0.39470609556182806, 1.2838288926129913
-0.39132482181578615, 1.1786052966171794
-0.39215580774840986, 1.1333642552416061
-0.39780748806613325, 1.0953621711274582
-0.40877075059683643, 1.0559568812895088
-0.42356253774254266, 1.0204986323803884
-0.44379982199554424, 0.9850728716040187
-0.49995021438134385, 0.901333667726234
-0.5270882030529745, 0.864997159637284
-0.5538475109507057, 0.8374284825783436
-0.5856645560694227, 0.8118902592940567
-0.6686112690189964, 0.7545756487389158
-0.7610329156688439, 0.6907404113035285
-0.7974093725731537, 0.6680544917072897
-0.8345166285592238, 0.6510961568537454
-0.871164742423096, 0.6395636389512799
-0.9088264432128899, 0.6325107290109601
-0.9495478090634961, 0.6299989852117278
-0.9878933122001732, 0.6323905856754878
-1.028088679116611, 0.6399605187664316
-1.064678187094755, 0.6516778935695988
-1.0995083129211023, 0.6676474007783404
-1.1340441750635597, 0.6895395624983373
-1.1552813544712919, 0.7025626866628661
-1.1795701527532048, 0.710067495823434
-1.2035196847808538, 0.7113133801038722
-1.3099727966497112, 0.7023222081999348
-1.4148771728709402, 0.6934616660185626
-1.5197822401664502, 0.6846093020089947
-1.5501856891148647, 0.6791728469225035
-1.571751657811065, 0.6689200018266992
-1.5914854573013006, 0.6525702686100261
-1.605569270965728, 0.6332863552949222
-1.6146792456342742, 0.6112132890223548
-1.618335563109566, 0.5859521892344426
-1.6183127042390522, 0.48606258441382144
-1.618271799505784, 0.37373851186189966
-1.618229455176813, 0.2685642218781996
-1.6181845448682644, 0.15634377236172148
-1.618146206114574, 0.051065859342577694
-1.620434068343393, 0.005668109564091516
-1.6272485603894555, -0.03193257704373147
-1.6385721757600384, -0.06864609329765763
-1.677236759487224, -0.1692358265128208
-1.6944695610381422, -0.20849028331230907
-1.715596486997744, -0.24351355229495125
-1.7392881506412088, -0.2736276927230325
-1.8115730779556056, -0.35369315646481136
-1.8416868975173146, -0.3840609993079407
-1.8718452862730919, -0.40769638566977173
-1.9069090019117345, -0.428756179210329
-1.9968423369832031, -0.47433155477590927
-2.035946837979966, -0.49190220997201545
-2.07500395692279, -0.5036946941735208
-2.1128737732627183, -0.5101725711013767
-2.1537333579152915, -0.5120356670109161
-2.1919331987482407, -0.5090462315567598
-2.232003144965358, -0.5008371890340604
-2.2684016869461723, -0.4885397364608755
-2.3030666198494116, -0.47197354009378994
-2.3374235625859203, -0.44997052470222004
-2.418220756597672, -0.3896635227294999
-2.508223823476072, -0.3224612658755695
-2.5924930032905515, -0.25953006650000154
-2.617418262623876, -0.244036966139007
-2.653029945732029, -0.22590739903434523
-2.684267164495087, -0.20373497465396015
-2.7137451153920282, -0.1753971032452755
-2.7319541286001368, -0.15839499064493845
-2.761092729093103, -0.13498549801272816
-2.788894535474684, -0.10500138271369693
-2.810834013077511, -0.0735881683030533
-2.8299791292774805, -0.03732640610844957
-2.8435074647727503, -0.00158800835543114
-2.8527211449263006, 0.03571066785775718
-2.869873543541349, 0.1376908080072923
-2.874970587065657, 0.18015324467651722
-2.8799715173924043, 0.2878019016948692
-2.8848548747087426, 0.39296648848222265
-2.890061794742638, 0.5051698022790153
-2.8949451520589764, 0.6103343890663684
-2.9001431543515874, 0.7224343865914586
-2.905018313228161, 0.8275993550372396
-2.9102245139605363, 0.9396989709039002
-2.9151078712768745, 1.0448635576912535
-2.9199830301534484, 1.1500285261370355
-2.9251728340062946, 1.2621289053205553
-2.9300561913226297, 1.3672934921079074
-2.929866380735906, 1.412644932152668
-2.9247739172725593, 1.450621488954381
-2.9143482115818142, 1.490279331304599
-2.90014510498361, 1.5257550206693489
-2.8564003706644847, 1.6165928977171435
-2.8342300256674733, 1.656258060883126
-2.810606644927788, 1.6864129903898575
-2.7809040887240815, 1.7145152961886196
-2.7630631371087144, 1.7319032487675468
-2.749827654445127, 1.7536075227127623
-2.7329617624684097, 1.7869631698659978
-2.7093255318915292, 1.8204559837972136
-2.6828443806303968, 1.8481350936299068
-2.6525885613071982, 1.8717973522106026
-2.6172210325589056, 1.892342390555445
-2.582065325697084, 1.9073198806746612
-2.5426424881490353, 1.91860227341198
-2.504785657517163, 1.9245187240869923
-2.4663894687291896, 1.925869723903417
-2.4257508422536183, 1.9222590399165316
-2.3881946207463476, 1.9141586258883514
-2.3495831145638406, 1.900663549959853
-2.315247481857261, 1.8836566239902612
-2.292574816968582, 1.87333304688342
-2.267444701686322, 1.8688646516618856
-2.160668690931091, 1.8654018326462984
-2.055445710516234, 1.862001456336335
-1.9502227301013768, 1.8586010800263713
-1.8380607714256656, 1.8549783596193106
-1.7328375281604782, 1.8515861864177476
-1.7020078963036347, 1.8534535806936068
-1.6793015125582875, 1.8611700758215464
-1.6579704234932016, 1.8749995012828267
-1.6416630662480851, 1.8925837668622008
-1.6300462555264255, 1.9134465599494574
-1.5945963538564096, 2.0086048691808456
-1.5555064944273866, 2.113686585848559
-1.5188148147413738, 2.212363637312647
-1.4796754786692208, 2.317648067878981
-1.4429837989832077, 2.416325119343068
-1.4062845405791777, 2.514999350079921
-1.3871006809733704, 2.560851520364042
-1.367756471343911, 2.5940462101942545
-1.3429529290510502, 2.626569383240405
-1.3161379316546145, 2.6539394486153074
-1.2355910362566278, 2.7256875246511068
-1.2023554043284417, 2.7526029596628145
-1.1697201296821194, 2.772876702916933
-1.1326718203877189, 2.7899632796781364
-1.096063036992362, 2.801620413703826
-0.9912952932277389, 2.8272974102610178
-0.9493270359302445, 2.835525187627088
-0.908509691241509, 2.8381571604013547
-0.8702607344063952, 2.8358861946286815
-0.8324550696975409, 2.829043807378263
-0.7935132668270215, 2.8168756392259238
-0.7695331074605894, 2.810125541210088
-0.6635716329077431, 2.7957233630353953
-0.5592510738873243, 2.7815578999443638
-0.53004165520064, 2.780110521817765
-0.5051148773531497, 2.785600678369196
-0.4836779729425801, 2.796351988574245
-0.4644405375017769, 2.8129704054162685
-0.4506900121457372, 2.8326190508224682
-0.4314959486036548, 2.864691395790756
-0.41858765418825933, 2.887782218402349
-0.4124571604882813, 2.9109676481392333
-0.41218302714355326, 2.9363876325789056
-0.41780952487012096, 2.9597001469811173
-0.42970679490453545, 2.9822820036256488
-0.4456770099688376, 3.000035362506864
-0.46540090024671343, 3.013495558493218
-0.4894678300837856, 3.0223005734032515
-0.513221211319131, 3.0247469541116456
-0.6199950119831003, 3.021217036957478
-0.7252152853441333, 3.0177340164373483
-0.830435558705165, 3.0142509959172186
-0.9425943088738022, 3.010530355632491
-1.0478145822348333, 3.0070473351123614
-1.159973603615147, 3.0033348976638483
-1.2651941481878566, 2.999860079979933
-1.3774565965693855, 2.996140117006379
-1.406598177232452, 2.992667089941431
-1.5026943895298759, 2.965782889824056
-1.6108631561851092, 2.935513869960382
-1.7121447113689108, 2.907164670659448
-1.820309052307869, 2.876879844045748
-1.9215906074916722, 2.8485306447448133
-1.9505320134063944, 2.8374539039214164
-1.9697902716397213, 2.823335379845233
-1.9860445823672146, 2.803655497930576
-1.9963120728922295, 2.7819827011279767
-2.001238202816648, 2.756938061933683
-2.006320336901594, 2.6573853217428742
-2.0116591218290125, 2.552242862410714
-2.0173563080889068, 2.440063363983139
-2.0227031693305255, 2.334921312839499
-2.028416508218819, 2.2227426307889675
-2.0337714457746365, 2.1176009878338564
-2.038363748720858, 2.0725860796538877
-2.047146424288693, 2.0351835811736856
-2.060669428447755, 1.9993433262195535
-2.0693285528941647, 1.974346627705103
-2.0786065467896164, 1.938139236246922
-2.094470394980325, 1.9003400925270355
-2.1143644976274474, 1.8676047920177083
-2.140538845451943, 1.836190134418392
-2.156132543938962, 1.816893857876102
-2.1790268094992746, 1.7841411037100148
-2.2053193056868596, 1.7562827666890233
-2.237472272305986, 1.7310208979630681
-2.2706694563392245, 1.7116809513265905
-2.360931554508134, 1.666993241829267
-2.4065119773298034, 1.6466599335408785
-2.4432513599899552, 1.635779336441225
-2.483604917844579, 1.629103431567816
-2.5219937146433073, 1.6275606995888572
-2.562650232528836, 1.6309642497782786
-2.600246547978535, 1.6388771491875516
-2.6389246712409546, 1.6521802606065772
-2.7316738920711954, 1.6917113092596388
-2.8349049221378384, 1.7357202256400919
-2.9316515532958713, 1.7769721576740594
-3.0349731409447216, 1.8210328866015595
-3.073578585075036, 1.839674701182213
-3.107818825037733, 1.8620486506743086
-3.1370578921358363, 1.8868124985079755
-3.1631308293025153, 1.9148900835281852
-3.187110391696485, 1.9481530678592367
-3.2400567911698084, 2.033954003489555
-3.2604254474343306, 2.07154511391405
-3.274100861703121, 2.1099707147433984
-3.281876662804679, 2.1475955946922105
-3.2851340582690356, 2.188367834863999
-3.2834398368838564, 2.2267502285767216
-3.2766059947441213, 2.26707745343524
-3.252676067202031, 2.3650186568191396
-3.2481701208337643, 2.395469953814893
-3.2497627305231465, 2.4953468617573233
-3.251467671867283, 2.6006109607328365
-3.2532771097190025, 2.7128168177019782
-3.2549738448261065, 2.8180810499122098
-3.2566705799332105, 2.9233452821224453
-3.25848001778493, 3.035551139091587
-3.2601849591290666, 3.140815238067098
-3.262002603217818, 3.253020961801519
-3.263699338324922, 3.358285194011753
-3.265396073432026, 3.463549426221986
-3.2638287600141, 3.508874407996167
-3.257571389745625, 3.546781477288302
-3.2468851717815896, 3.5834700815251863
-3.209779822693273, 3.6847557321456286
-3.19284517194365, 3.7240140813016107
-3.170996148357748, 3.7586992387793745
-3.1580827869395507, 3.7798827976338383
-3.1397059734126236, 3.815367790390027
-3.1172527589404573, 3.8465314218509423
-3.0887768865158196, 3.8757316948508587
-3.058186086884622, 3.8989590855484573
-3.0224099247238216, 3.918544809642114
-2.930036016219571, 3.9592029595880107
-2.8336738068753133, 4.001603006630555
-2.791385350161584, 4.01770072156
-2.7540196826339063, 4.026639173652195
-2.713369339920771, 4.031170176267986
-2.675055844343889, 4.03068142045004
-2.6370757025837, 4.025615508129341
-2.5974100878443034, 4.015219529533024
-2.5732397808539593, 4.0096249242416535
-2.547722202111889, 4.010220014425772
-2.44922537591905, 4.026842515788337
-2.338573693239932, 4.045541023680662
-2.234765745078969, 4.063072357830251
-2.1309571149753066, 4.080599645379512
-2.020302701383184, 4.099281967400679
-1.9164954367360227, 4.11681734788552
-1.8057422616977408, 4.13553714143357
-1.702037854866242, 4.153059329198262
-1.5982292247625778, 4.170586616747526
-1.4875734457139551, 4.1892608458331155
-1.383767546523294, 4.206804319253535
-1.2730143714850128, 4.225524112801588
-1.1692084722943534, 4.243067586222007
-1.0585526932457308, 4.261741815307595
-0.9547440631420648, 4.27926910285686
-0.8510396563105702, 4.2967912906215515
-0.7402864812722895, 4.315511084169602
-0.7118709900694509, 4.322849480879533
-0.6897100162449642, 4.335513745072376
-0.6725169934703348, 4.35208569392085
-0.6597436234775667, 4.3722611472620105
-0.6517721602543325, 4.396616864839528
-0.6501412575198569, 4.420440224302946
-0.657345019783501, 4.527029204186389
-0.6644402407685649, 4.632067745671342
-0.6715354617536285, 4.737106287156296
-0.6790906576503306, 4.849072118633942
-0.6861776899988885, 4.954111213571608
-0.6937521563122727, 5.06617959820281
-0.698202308039163, 5.095083809704629
-0.7077883432247196, 5.117066608942924
-0.7234264654808084, 5.137239375756186
-0.7423223669321265, 5.152007317614844
-0.7639946701805088, 5.1617860029642735
-0.7891209367758862, 5.166276314930709
-0.8130418370497676, 5.164565713808406
-0.9175878106562251, 5.142582872754122
-1.0205086129157854, 5.12092783638046
-1.1235316523653607, 5.099255441000905
-1.233450157695582, 5.076133590194474
-1.3364731971451558, 5.05446119481492
-1.4463917024753752, 5.03133934400849
-1.5493125047349385, 5.009684307634827
-1.6523355441845147, 4.988011912255274
-1.7621518123247188, 4.964907420454737
-1.8651748517742965, 4.943235025075182
-1.9681978912238725, 4.921562629695628
-2.0781163965540905, 4.898440778889199
-2.18113943600367, 4.876768383509646
-2.2908534669538607, 4.8536812507150024
-2.318959155678082, 4.8452328987806315
-2.3393921125541617, 4.8326779891342655
-2.3571317345658804, 4.814469209243688
-2.369141682901573, 4.793710886627901
-2.375868466393927, 4.770691609571641
-2.3916703207948995, 4.665034577748643
-2.4072383449855184, 4.560914095665461
-2.422806369176137, 4.456793613582276
-2.4393910339929614, 4.345805426977253
-2.4549428233475834, 4.2416825220009535
-2.470491494050611, 4.137663918377842
-2.4802120018949507, 4.08882986492929
-2.4935401705891174, 4.052806557401735
-2.5131978679773788, 4.017069870746715
-2.536483811439332, 3.9865236070721912
-2.552003155268884, 3.964973278451274
-2.5712833622316658, 3.9329526543861273
-2.595471994275389, 3.9032492461639396
-2.6256998406821292, 3.8757126358069076
-2.657522703039888, 3.854389123800489
-2.7454742137192936, 3.8053099113248527
-2.790000072717207, 3.7827602398392
-2.8262578615446654, 3.770053738025255
-2.863673172854773, 3.7617917550730025
-2.9659457993242437, 3.7471957964547196
-3.00862532918864, 3.743151395275189
-3.049503158417834, 3.7445574564752957
-3.0873416773479265, 3.750591454752889
-3.192368835720142, 3.774727382844055
-3.2949704899489767, 3.798314242075905
-3.336037459037113, 3.8102107881132015
-3.373181073495047, 3.8275543646471184
-3.4051055173701203, 3.8487253521363236
-3.435467714160588, 3.8761133844471654
-3.459862639738895, 3.9057816090675583
-3.480818040451422, 3.9407730278018365
-3.495794223812986, 3.9760414748580035
-3.5064759371274645, 4.01294659797873
-3.5129074321679084, 4.053339830195895
-3.52157537903603, 4.153788747485875
-3.5311994608844657, 4.265595751406444
-3.5402345534122825, 4.370485240228193
-3.5498798134716965, 4.482394420377126
-3.5548610476893696, 4.511212328416045
-3.5656748927316335, 4.534332609647761
-3.580857861370406, 4.5528962275982385
-3.6081531447524138, 4.582082810523674
-3.6299042851653174, 4.6134890974156475
-3.644544936886052, 4.633772589783122
-3.664072165276408, 4.650049593813902
-3.6856978132761955, 4.660416732399599
-3.710718612047596, 4.665460505502586
-3.7346716212742566, 4.664281839826261
-3.8327653344845083, 4.645982516165277
-3.9430794576173285, 4.625385850392461
-4.053494689089888, 4.604766143748505
-4.15698406787699, 4.5854429460034725
-4.260372338324355, 4.56614278912958
-4.3707905807290315, 4.54553921861275
-4.474178851176398, 4.526239061738856
-4.584594082648953, 4.505619355094898
-4.688083461436053, 4.486296157349865
-4.798397584568871, 4.46569949157705
-4.901888468822038, 4.446384361895579
-5.0053793530752, 4.427069232214108
-5.035084632297145, 4.41861049746262
-5.055515266661402, 4.4062496957119395
-5.073512946771602, 4.388005989947691
-5.097508955835035, 4.359483385274847
-5.128105422018008, 4.332357170443939
-5.160307480945106, 4.311420507309798
-5.19751115149693, 4.294453992753925
-5.2200203383226045, 4.283779699747662
-5.254858150565409, 4.264203962493163
-5.29063138537865, 4.250505373796095
-5.327895017081815, 4.24208579986645
-5.368776953737732, 4.239068493340369
-5.407077978636438, 4.241957044763301
-5.447059742560451, 4.250583994259707
-5.483133648279779, 4.263190164593759
-5.5085380805436825, 4.27092722066932
-5.5324968890409645, 4.271981983961052
-5.63878063821853, 4.262248456068453
-5.743617536002363, 4.252622292268821
-5.848454433786192, 4.242996128469191
-5.9603077752899, 4.232723521886732
-6.072060547820564, 4.222488967645892
-6.176898193816602, 4.212870976988632
-6.288648721710641, 4.202611903320679
-6.317540054739984, 4.197454655208521
-6.340598038417027, 4.186508864356015
-6.359074061841033, 4.171218878629238
-6.374084591443581, 4.150702127399866
-6.383072718631878, 4.128468272393865
-6.38653249159882, 4.103179324055821
-6.385786166604876, 4.003396129652313
-6.384971278874026, 3.898121376172388
-6.384117714549685, 3.7859041714132933
-6.3833274479992665, 3.6806292225522443
-6.380220297395649, 3.64979668311093
-6.371682770482169, 3.6276057484802964
-6.356897767178846, 3.6066737821596444
-6.338753886520118, 3.5911493987740917
-6.315884593796772, 3.5798144212465948
-6.292542153316, 3.5747791498299586
-6.267033792389797, 3.57567590041721
-6.244007342794643, 3.5823780079330945
-6.2233219315928645, 3.5943080243081766
-6.205012421448215, 3.6120917644543757
-6.1924387110454235, 3.632512909988991
-6.1848020885689365, 3.656868257126294
-6.168857215457945, 3.7553720881284316
-6.150956701664178, 3.8661556640006602
-6.134161852197084, 3.970085309423953
-6.117367002729988, 4.074014954847248
-6.115285687477516, 4.104933721166076
-6.119998688281338, 4.128238169765276
-6.130511807864848, 4.1667914903171
-6.135100905766828, 4.204926009025426
-6.134180328111332, 4.243221345239316
-6.127162356528453, 4.2835045002030645
-6.1150740057223185, 4.319853652841942
-6.096569938491432, 4.356316882073781
-6.085611384469471, 4.37868952713889
-6.071720900829769, 4.413390206474555
-6.051156571304691, 4.448732647639744
-6.027206688253297, 4.478628870638565
-6.01116700722803, 4.499795353187703
-5.9911265870696075, 4.531345997427832
-5.9644058088645675, 4.56229737277436
-5.935358787403963, 4.587270637924359
-5.902942486812564, 4.607873903372438
-5.881020084357804, 4.622680002970926
-5.851947588583763, 4.646006508275747
-5.816576002049303, 4.666725804822098
-5.7810178795499985, 4.680974073326905
-5.741229634401129, 4.690401208134195
-5.702955122738132, 4.693621898761238
-5.664717212200812, 4.691332563236359
-5.624710982617792, 4.682877434444036
-5.588670325236859, 4.669869630461774
-5.494327154440507, 4.627519739067057
-5.39829613484394, 4.584374850126679
-5.295939868385408, 4.538368077579696
-5.199918945462188, 4.495200732061507
-5.159547843360822, 4.4745373940099915
-5.1278860477194845, 4.45277433224683
-5.09920671695967, 4.427520709661434
-5.023260830702857, 4.350919071058289
-4.9945395492227505, 4.319091633113581
-4.9713219464084055, 4.285543465950182
-4.953532530381765, 4.25148996571952
-4.939974997390201, 4.215652296036158
-4.930314381720216, 4.175801033972834
-4.925844209324365, 4.135247924134295
-4.926379334118314, 4.096831773493503
-4.931486054888487, 4.058857173613583
-4.9530588143974805, 3.953167992727957
-4.974107626949529, 3.8501215054007183
-4.977473253017225, 3.8194193095087563
-4.972066385271629, 3.7196761419744044
-4.965979050204901, 3.6076209170676363
-4.960270083778289, 3.5024979135490244
-4.954173003901556, 3.390339447096431
-4.94845584235437, 3.2852168908769497
-4.942748425617189, 3.1801975762033026
-4.93665289542989, 3.068142798595674
-4.932586591292411, 3.039078141845946
-4.923677759936002, 3.000122586884905
-4.92066984880833, 2.9618307239462065
-4.9235409617586345, 2.921041947297163
-4.924909802214102, 2.896270251993754
-4.924345610740898, 2.856313202560882
-4.929393601109254, 2.8183409775496133
-4.939859259202543, 2.7813845483849775
-4.95670643010866, 2.744126648305172
-4.966623125994162, 2.7212727672550843
-4.979930529304313, 2.683702276598123
-4.997842489104737, 2.649841597525843
-5.0204829642208, 2.618813803938299
-5.035484380622759, 2.5970245147542057
-5.054080457634358, 2.564601562823041
-5.07937431025313, 2.532473825873581
-5.107342517932102, 2.506147206087042
-5.126027461598187, 2.4875663474649206
-5.150266114713701, 2.4591136470192065
-5.181116851275071, 2.4321196347704417
-5.213365896064903, 2.411446339402154
-5.250676244282008, 2.3947159710941484
-5.287665238803464, 2.384365597652155
-5.32560897974558, 2.3790349022097184
-5.366402519880239, 2.3783878567519388
-5.4045988442148465, 2.382525967015541
-5.510805000922138, 2.401389728000614
-5.614458867933172, 2.419810239192659
-5.6505227527939565, 2.42367463234564
-5.750105735172871, 2.417312582724505
-5.862200441675605, 2.4101379244112757
-5.967263376921709, 2.4034133369147463
-5.997670867506183, 2.398615543534964
-6.019536378085768, 2.3887650879103037
-6.039521108170233, 2.3728874276581795
-6.054062695554942, 2.3538170702252708
-6.064046896864332, 2.330437946140193
-6.067773239673079, 2.30674748648267
-6.069920413028929, 2.1999369271052456
-6.07203200856314, 2.094680200372869
-6.074290788139821, 1.9824824895301625
-6.076385972326229, 1.8772254342034052
-6.07861810633232, 1.7649235498870657
-6.0766933103828, 1.7356394161030342
-6.0534112950784476, 1.6313750681116725
-6.030474582958298, 1.5287323004240638
-6.020982010819275, 1.4993403769301827
-6.007853679083381, 1.4792712707008213
-5.989063792950507, 1.4619958387665866
-5.9680576847550215, 1.4506399305796287
-5.9448562631842545, 1.4445711392558307
-5.919332921903048, 1.4443732416391835
-5.820363701128506, 1.4579019892910505
-5.7092808726845385, 1.4730937764746654
-5.604972731562464, 1.4873503915909334
-5.500664590440376, 1.5016070067072007
-5.389376435313893, 1.5168268896386414
-5.2850704805943, 1.5310995295332208
-5.173885535409695, 1.5463093707853262
-5.069679511028251, 1.560547931833106
-4.9583902627005285, 1.5757598023753876
-4.915771837437854, 1.5791744626123134
-4.877456302675119, 1.5764856438828023
-4.837540884784394, 1.5676127038271008
-4.801693963477084, 1.5538174015661903
-4.776209434967312, 1.5440608812966745
-4.740220284333066, 1.5335925142649707
-4.703044937110394, 1.5165637729688106
-4.6709606131902355, 1.4956357321738567
-4.648418604251754, 1.4817911760292692
-4.6150612484826885, 1.4649285881967007
-4.583653124220232, 1.4429989101761609
-4.553888577863244, 1.4148119074430616
-4.53028585710505, 1.3846410347905875
-4.514556023917521, 1.3653230323240324
-4.487235349047723, 1.3361602748780599
-4.465401880511992, 1.3046852527924833
-4.447320313724559, 1.2680105524274683
-4.435652795588495, 1.2315240949976283
-4.429317350397162, 1.1936403439087455
-4.428626835433196, 1.152756455484158
-4.427836130111081, 1.127959217255817
-4.420723019444283, 1.103446181226699
-4.407486329277864, 1.068491144174343
-4.398722024258051, 1.028445891017036
-4.3961627223045285, 0.9902251422697217
-4.394022888013935, 0.9655085111551907
-4.3878101137068635, 0.9260331520831212
-4.387440688697832, 0.8876252332658947
-4.393109887053857, 0.8471304066860542
-4.403587088932573, 0.8102743351520966
-4.419547808824571, 0.7726149229879812
-4.438740756493513, 0.7394519989586142
-4.495036124228747, 0.6558101792341079
-4.5577634546574615, 0.5626330309351039
-4.616555860299131, 0.47530094359951597
-4.644050454275432, 0.4393823880352233
-4.67174249504186, 0.41291478375597485
-4.703025864788864, 0.3906288615755682
-4.724148033835261, 0.37470116178487284
-4.75211546978411, 0.34974883602100026
-4.78618193801029, 0.3273209491427498
-4.821036615569816, 0.3111822019420377
-4.857637479478737, 0.29984585560805144
-4.897903748746869, 0.2926622680670246
-4.936167098051657, 0.29064470399059966
-4.977068776637375, 0.2935582408126538
-5.076762009319705, 0.30789336895178787
-5.1878379326351824, 0.32387985271570846
-5.292039677395545, 0.3388943309062288
-5.321337730617083, 0.3405990058058094
-5.422142342061356, 0.3292325261419382
-5.526648227347121, 0.3173939026047837
-5.638257969041685, 0.30474619503704425
-5.667033132253754, 0.2989771062258893
-5.6898520029635495, 0.28754034493038405
-5.707925294154883, 0.2719336784494176
-5.722564607979859, 0.2510247733917951
-5.731077873719939, 0.22860480360546567
-5.733998703275935, 0.2033513439019592
-5.73082866348537, 0.17957986604066722
-5.72209148474931, 0.157246212562013
-5.707243334347495, 0.13648508050658104
-5.687706775789216, 0.1202188162768755
-5.6660782696709635, 0.10985872341243984
-5.642708477483437, 0.10495367490779757
-5.617205384873105, 0.10599249984152069
-5.519118313337717, 0.1243275060447777
-5.408707584030999, 0.14497137103804403
-5.305221412247156, 0.16431178541939853
-5.194809199226845, 0.1849477010691137
-5.0913245111565875, 0.20429606479402024
-4.988045013895126, 0.22361427488399443
-4.8776328008748076, 0.244250190533711
-4.774146629090968, 0.2635906049150649
-4.745861547370561, 0.27141656010443826
-4.723925351970938, 0.28446659099422644
-4.70600890955157, 0.3026458923670623
-4.693926848244546, 0.3232427593435202
-4.687053523659993, 0.34621841860866714
-4.685958521261961, 0.37161662107499144
-4.690831627309428, 0.3950982127920123
-4.701996442157404, 0.4180511307119819
-4.717461370857953, 0.4363805685721736
-4.738118378306534, 0.45119797505875897
-4.770202502386056, 0.47057338845044505
-4.799795024762337, 0.49473473158919673
-4.827362929491642, 0.5250737608275491
-4.848638573277167, 0.5569285882628525
-4.866071313170365, 0.5939159567389638
-4.877092279228463, 0.6306028350736641
-4.882934424245221, 0.6710731652860581
-4.88272751180362, 0.7094823903457106
-4.876479273626211, 0.7497872634045695
-4.865423255481554, 0.7865820878491026
-4.850083932230941, 0.8216942347297139
-4.8288222758886326, 0.8566216821599205
-4.816174174626155, 0.8780850379737091
-4.8093504209105715, 0.9009683312007274
-4.808282208838363, 0.926573102676313
-4.818452003824064, 1.0258394972304323
-4.829906313198467, 1.1374738432009956
-4.840669086242924, 1.2422001573862578
-4.851431859287381, 1.3469264715715052
-4.862900816008897, 1.4586634783102832
-4.873632612615026, 1.5632888053733818
-4.879600839843954, 1.5935926536029918
-4.890288362998761, 1.6150617891917503
-4.905700232060029, 1.633301487431879
-4.9265427148409495, 1.6482125638815706
-4.948680067421155, 1.6568871637037301
-5.052612774275805, 1.6820516059852961
-5.154935175440171, 1.7068218215287623
-5.257261438085526, 1.7315760830985705
-5.359486024151613, 1.7563099571394465
-5.46865780477762, 1.782733766265463
-5.577729839564834, 1.8091292108757162
-5.618882545158786, 1.821143563443519
-5.654036234178677, 1.8363875888071672
-5.689264717223446, 1.8571704433779777
-5.71969165311041, 1.8806285765418593
-5.7486826788741405, 1.9093348954225242
-5.815042206812519, 1.9852396639351573
-5.843121060472839, 2.0208540272141704
-5.8628287507925085, 2.0538342145853625
-5.879273613709227, 2.09117179365311
-5.890297424830329, 2.127976241533045
-5.914163108891368, 2.233171381202254
-5.923037693408787, 2.261037602110629
-5.93757324632658, 2.295584891746806
-5.947742384168313, 2.3350831242936683
-5.951713109488423, 2.3732869796309966
-5.9498787717222426, 2.4140320825148978
-5.942490292653827, 2.451724605953271
-5.938172221552017, 2.4762601681455454
-5.934011958453952, 2.5159001711508204
-5.924477657955113, 2.5531079106677885
-5.90861809571728, 2.590684633852652
-5.888609983283549, 2.6234715259807193
-5.864174175913075, 2.6529719643511767
-5.83363727254222, 2.680320468121637
-5.801720307090287, 2.701315303037663
-5.764517327363459, 2.7185307205496456
-5.727651537457862, 2.729311526282562
-5.702572751474697, 2.737400733184252
-5.682289466727739, 2.750196200584321
-5.665632326006838, 2.7674497833804033
-5.653001740833783, 2.7895115466404645
-5.637054167010962, 2.8233157934765245
-5.614340201640729, 2.8574407054581252
-5.588622920783248, 2.8858311069183222
-5.55910486560376, 2.9102456609724485
-5.524089601978291, 2.9313622398923926
-5.488622607680612, 2.9461068847881693
-5.449058100815903, 2.9560159971781936
-5.4108287134482715, 2.9597347375412593
-5.370096515849528, 2.957632495931729
-5.3324658039648245, 2.9504153401401707
-5.295869690720594, 2.9387184905302894
-5.258746228686132, 2.921548083882808
-5.226218961980638, 2.901296386202187
-5.194438912456077, 2.875547261533587
-5.167801147741909, 2.8478613320900745
-5.143300337994608, 2.8151092416304206
-5.124315268298597, 2.7818266313520947
-5.108587868973956, 2.744069284634386
-5.098307961714286, 2.707050244621075
-5.092941624844736, 2.6691214902524605
-5.088521188766189, 2.6430389790481597
-5.078813166795699, 2.621222330639562
-5.0224932298165985, 2.530319508664999
-4.967041995463875, 2.440828724488153
-4.911583885805648, 2.3513421974985347
-4.893016160972408, 2.3267892550613625
-4.874019244340251, 2.3121518557705216
-4.850594408094737, 2.3020149618331955
-4.8269196583147105, 2.298187080023316
-4.801595222603432, 2.3004061943919463
-4.778946632089317, 2.3082911221978875
-4.757639754808281, 2.3223447018167303
-4.683054916395652, 2.3886345621242167
-4.59918072774585, 2.463190254133978
-4.520498617459757, 2.5331371261143887
-4.436549662302651, 2.607764672816489
-4.357867552016556, 2.677711544796903
-4.273998737554225, 2.7522732792877718
-4.195316627268134, 2.8222201512681804
-4.116714657676821, 2.892101211037355
-4.032765702519706, 2.966728757739462
-3.9540835922336184, 3.036675629719868
-3.87540148194752, 3.1066225017002838
-3.840025115960904, 3.1350009109323613
-3.8071021812899515, 3.1545830646336106
-3.769252990591339, 3.1700558426886465
-3.7463338610053802, 3.179819566005325
-3.7107448331509896, 3.1979937147705555
-3.6744541674262496, 3.2102561752189085
-3.6366787574793022, 3.217208199453221
-3.6109038957292605, 3.2226888268309724
-3.5751090241937473, 3.2334497466485184
-3.5345501944423847, 3.239401193059181
-3.4963474141746715, 3.239286792946671
-3.4558230972907116, 3.233105097438948
-3.4312465150072007, 3.2297155549775356
-3.3913755382255917, 3.2270331693396295
-3.3538383196069947, 3.2188923542272763
-3.3156032828908217, 3.2043990047300355
-3.282186234475563, 3.1856725613425647
-3.251796732488595, 3.1623517432092756
-3.2299547729057605, 3.1456530890520096
-3.2064824346457907, 3.13589003527126
-3.170840250118524, 3.1242951935815753
-3.1363611535900167, 3.1073686964907052
-3.102808349178269, 3.0841793636888615
-3.074790198260499, 3.057905765056133
-3.049493449624198, 3.0259119256171734
-3.0303885217821898, 2.992590715122634
-3.0159221979850117, 2.957110419007679
-3.005249477539186, 2.9175181774688843
-2.9861005585063882, 2.8187421888376565
-2.9647497086112167, 2.7084659946364718
-2.9447233279038447, 2.6051103730414678
-2.923356598881412, 2.494837249213722
-2.9171815715533755, 2.4524135035781267
-2.9170062247929294, 2.4116271880408404
-2.9225039340759724, 2.373717326885727
-2.9342909579859113, 2.3345633531736594
-2.941134454945685, 2.31060939883492
-2.94869468001631, 2.2740045699254394
-2.962710980927635, 2.2355921135375563
-2.9807288900455293, 2.2016594826820257
-3.0376035384132787, 2.110125233459838
-3.0618450578116043, 2.0748919396002874
-3.087404801919172, 2.0462075885512996
-3.118177375464784, 2.019262932945739
-3.149988343829284, 1.9977184884639558
-3.186336858410277, 1.9791896364694481
-3.222457610356438, 1.9660986354037229
-3.326026498074245, 1.9363206417798406
-3.35343778840375, 1.9258359857007616
-3.372824415444, 1.9118944801557338
-3.4503850525989384, 1.838276517743629
-3.5267339175840746, 1.7657900349044302
-3.608037607273911, 1.6885896830215785
-3.6843808187629867, 1.6160972505554998
-3.765834739142508, 1.5387541454161946
-3.84218360412765, 1.4662676625769941
-3.923643178003226, 1.388930507064576
-3.999914100895494, 1.3165124260401613
-4.076251658888513, 1.244014043947198
-4.15763329067122, 1.1667452902495636
-4.233982155656359, 1.094258807410365
-4.315441729531944, 1.0169216518979398
-4.391790594517082, 0.9444351690587405
-4.468128152510098, 0.8719367869657787
-4.549431842199938, 0.7947364350829259
-4.581865851469662, 0.7667018127672073
-4.615992329100987, 0.7441552097783887
-4.650418341784045, 0.7270979667954574
-4.68893431769701, 0.7136424133700687
-4.7862537851082365, 0.687297704260517
-4.830676664188711, 0.677664542124977
-4.868753164122919, 0.6744351322739568
-4.909727013267063, 0.6760480921321733
-4.947534850919376, 0.6822699428324676
-4.984427613781257, 0.6929947987466275
-5.021897621018519, 0.7091358507047164
-5.055036698588231, 0.7285753484853604
-5.085532464049889, 0.7517734854376802
-5.166769590297035, 0.8227390768068706
-5.251264931319303, 0.8965900457533297
-5.274923409567482, 0.9139551826426895
-5.297146800367189, 0.922693055503331
-5.320912025857325, 0.9259103198302238
-5.346272399559374, 0.9230223489034012
-5.368704391171396, 0.9145407464338723
-5.389552786164494, 0.8999938665775816
-5.46239347592667, 0.8317921283024312
-5.539235839254325, 0.7598290171644663
-5.621222686568694, 0.6830510690348554
-5.698059438118525, 0.6110819689047058
-5.779962255425734, 0.5343658872131731
-5.856799006975568, 0.4623967870830206
-5.938707436060595, 0.3856866943836773
-6.015549799388254, 0.3137235832457065
-6.092380939160263, 0.24174849412337263
-6.174362174696804, 0.16496455700158177
-6.193922150413287, 0.14322369313742875
-6.205400313293439, 0.12042579552882363
-6.210594759084545, 0.09701336522410348
-6.216086061988478, 0.060041736386032565
-6.219985023312575, 0.03292976217062673
-6.2196131131049786, -0.06695915291280355
-6.219180506127351, -0.17907515829468387
-6.218790460524008, -0.2843523507123351
-6.21837322705146, -0.39667565067709576
-6.21797509487397, -0.5019528150319446
-6.217541688253131, -0.6142760588710836
-6.214916883742224, -0.6435062002247098
-6.208282025908686, -0.6801848055738579
-6.2069367404331235, -0.7210525015251903
-6.210962861309969, -0.7591568290552511
-6.22834263137812, -0.8584697923651524
-6.238439812952688, -0.9027894093623205
-6.251650991982704, -0.9386463127643325
-6.270473674338076, -0.9750765087661312
-6.2921316924180175, -1.006684698309026
-6.358983729233753, -1.0913392438614997
-6.387033372182308, -1.1236233277577965
-6.417609418736089, -1.150790926821538
-6.449261118468582, -1.1725682623575608
-6.483197186684107, -1.1903587258811335
-6.521492600210044, -1.2047268924656624
-6.618082394597937, -1.2332689555669178
-6.719049068392573, -1.263087884875693
-6.826774904274267, -1.29489731628858
-6.934498417048023, -1.3267146193751933
-7.03536454768075, -1.3565081547732898
-7.064052914236538, -1.367950614988494
-7.083189849382355, -1.3824043479206105
-7.111253935300259, -1.4069346276036023
-7.145719393435641, -1.4291284513791473
-7.1807414432737, -1.4449009794996626
-7.2199990567575085, -1.4559635513236842
-7.258103420135196, -1.4607974102662193
-7.298879733253987, -1.4598898699385774
-7.323894463146706, -1.4596985014823003
-7.361085682899989, -1.4621781723775322
-7.401846260090375, -1.458930000423228
-7.439260043989137, -1.450239767007574
-7.465183341296802, -1.4449652059747276
-7.502298457245921, -1.4405464619003403
-7.541763420562419, -1.4298460903125831
-7.576844694142892, -1.41446146703498
-7.609446930122719, -1.394153676887636
-7.632277153166163, -1.3807902871167363
-7.665976091174955, -1.364621318535419
-7.699869655289758, -1.3417478412698522
-7.7281694049677245, -1.3157779300335959
-7.753812456451303, -1.284060976735324
-7.7732774861893255, -1.2509486829497893
-7.7881261348830275, -1.2156265805629156
-7.799204702132276, -1.1762533637858232
-7.8049458218534795, -1.1383692091055255
-7.806035601659797, -1.097481743492568
-7.8014700621484785, -0.9967629541388597
-7.796393912054247, -0.8845536445796148
-7.79163414988813, -0.7793833881828747
-7.786550414570522, -0.667278150534585
-7.782617913306268, -0.6246922032074094
-7.774346877925607, -0.5871731877473184
-7.7440430202138435, -0.48364895792474155
-7.730148207890798, -0.4433111602393661
-7.711513966686312, -0.406797955762586
-7.689243235390486, -0.37563077130594574
-7.662738460709346, -0.34797441451387057
-7.630387844305399, -0.3229661570578657
-7.596854486415272, -0.30423583405561283
-7.558696525839387, -0.2898310332465082
-7.535425872172469, -0.28065219310303086
-7.514835386313227, -0.2657431400900423
-7.499449897519783, -0.2473468832012921
-7.488387303685523, -0.2243444831904878
-7.483623898072977, -0.20094505044505723
-7.484823452977246, -0.17544896607927907
-7.4917541157310685, -0.15259787550273438
-7.5049891657766095, -0.1306527137967572
-7.52188515298275, -0.11392443482312267
-7.542442129113934, -0.10157341209004797
-7.640633834972268, -0.05948427929545092
-7.737406779856685, -0.018030269831067938
-7.840654496363847, 0.02620325455122226
-7.937327351216273, 0.06762776005383886
-8.040575067723433, 0.11186128443612879
-8.137344779440898, 0.15332283755408463
-8.175826888246968, 0.17198219497410852
-8.21002959505106, 0.19441315369235884
-8.239305437474606, 0.21929309605006514
-8.266896130190448, 0.24934773804895463
-8.289181536706327, 0.2806439545993244
-8.341981284615501, 0.3665352090805123
-8.400731602079917, 0.4621481193037058
-8.45584796870206, 0.5518455196183754
-8.51459828616648, 0.6474584298415723
-8.569714652788617, 0.737155830156239
-8.62851571131507, 0.8328591788819234
-8.645890554529817, 0.8563830494100441
-8.665922347654424, 0.872201369298344
-8.687816586003969, 0.8819873808475001
-8.711411447535326, 0.8862803199529318
-8.736774448829093, 0.8845563653147407
-8.759573804561962, 0.8771185658354587
-8.78115134674357, 0.863483691902949
-8.856956443254079, 0.7987522195777548
-8.94236647493575, 0.7258013769782158
-9.0224134273658, 0.6574206395553905
-9.043027209472838, 0.6365316697303417
-9.055535483019703, 0.6142820975484459
-9.06177383350874, 0.5912322338732073
-9.062202240248048, 0.5657114812185267
-9.056701138192462, 0.5423689412440567
-9.044986898741394, 0.5198069300896354
-9.02905215182885, 0.5018843328531855
-8.947905113578386, 0.43239861718533384
-8.867930628424213, 0.3639331571550355
-8.787961480012592, 0.295461461801437
-8.702712558545416, 0.22248167150163828
-8.6173769096396, 0.1494438566410769
-8.537478478438958, 0.0810488918181363
-8.457503993284794, 0.012583431787844417
-8.372184354606631, -0.060473089042615724
-8.29220986945246, -0.12893854907291433
-8.206955611242732, -0.2019121040494137
-8.126975789346007, -0.27037132875641207
-8.094064775780993, -0.3015749730902864
-8.06987971425439, -0.3312941828809123
-8.011683181818068, -0.4136245217688582
-7.987363484737106, -0.45202693981651365
-7.940233106686367, -0.54092071804212
-7.8876363143812265, -0.6401692734326738
-7.838338503699688, -0.733191667004519
-7.7857345673245, -0.8324364334991775
-7.769824445184767, -0.8570972802404427
-7.703566742779598, -0.931572061464313
-7.628896291717698, -1.0154828634272213
-7.558909964892156, -1.0941298881452262
-7.488923638066606, -1.172776912863234
-7.41425318700471, -1.25668771482614
-7.344266860179162, -1.3353347395441457
-7.2697341774771544, -1.4190907245292668
-7.199747850651613, -1.4977377492472679
-7.129761523826066, -1.5763847739652739
-7.055091072764165, -1.6602955759281854
-6.985104745938615, -1.7389426006461932
-6.910572063236613, -1.8226985856313072
-6.840585736411064, -1.9013456103493152
-6.76591528534917, -1.9852564123122218
-6.695928958523623, -2.0639034370302283
-6.625942631698076, -2.1425504617482347
-6.5512721806361816, -2.226461263711141
-6.481423622170526, -2.3049534714513564
-6.406759214242055, -2.3888696468682142
-6.33677288741651, -2.4675166715862162
-6.266786560590967, -2.546163696304222
-6.1921161095290636, -2.630074498267134
-6.122129782703522, -2.708721522985136
-6.0475971000015125, -2.7924775079702564
-5.977610773175965, -2.8711245326882624
-5.902940322114068, -2.955035334651172
-5.832953995288521, -3.033682359369177
-5.758283544226622, -3.1175931613320893
-5.68829721740108, -3.1962401860500895
-5.618448658935428, -3.2747323937903046
-5.543778207873524, -3.358643195753217
-5.473791881047982, -3.437290220471219
-5.39912142998608, -3.5212010224341332
-5.329135103160534, -3.599848047152139
-5.3079013979379015, -3.6199574467218096
-5.285402331262717, -3.6320111751137336
-5.262129660074343, -3.6377994123528494
-5.236605379457164, -3.6376898890757463
-5.213577796911195, -3.631770271621863
-5.192427410167712, -3.62046553613669
-5.105838123044424, -3.5577156177689173
-5.020598764298057, -3.495928160409479
-4.929828329822436, -3.4301184915672476
-4.844598601176899, -3.3683177412973357
-4.759359242430531, -3.3065302839378985
-4.668416166992984, -3.2406056794149793
-4.583181623297032, -3.178811575600306
-4.492329683390859, -3.1129377924624904
-4.407095139694902, -3.0511436886478123
-4.32193728637909, -2.9894203455839623
-4.230994210941542, -2.9234957410610405
-4.145764482296, -2.861694990791126
-4.122545898344779, -2.8413269556446616
-4.059130648380141, -2.764149007058954
-3.987903637105382, -2.6774302597567363
-3.921082902522052, -2.5960765457182458
-3.8543247615443312, -2.514805510689439
-3.7830097869638117, -2.4280249203934297
-3.7161827099554485, -2.3466764153589166
-3.644949356255654, -2.259962877060674
-3.6283176964665933, -2.235781985308177
-3.6199058918687124, -2.211683622811164
-3.6178012205760783, -2.1877941552934748
-3.6169395613356516, -2.147945669126041
-3.616821754359698, -2.1230335855320743
-3.622488838567164, -2.0997305544377545
-3.634366018646297, -2.0772538979896225
-3.650427979138175, -2.0594453638189165
-3.6716515363145668, -2.045266061979385
-3.694154718375578, -2.037276253331619
-3.7195674995902546, -2.0348936867003333
-3.8192278373454704, -2.0398995728693112
-3.9243731549358034, -2.0451815750406257
-4.036555537512675, -2.050821469822739
-4.1486338134480105, -2.0564684572386427
-4.253778306844281, -2.0617668533422218
-4.365856994876653, -2.0674056437919948
-4.471001900369963, -2.072695842929441
-4.513872391474078, -2.0728388213834466
-4.554452566491996, -2.067717949767777
-4.591584818030551, -2.0582649848511925
-4.62967204479271, -2.043353601568421
-4.663443709268353, -2.0250354899909664
-4.75448537607992, -1.9673756355791632
-4.7895039268965505, -1.9428248009610287
-4.817890853903493, -1.9170888529355297
-4.8446370996296775, -1.886007117214506
-4.865850041190414, -1.8540982509907127
-4.8841115207229, -1.8174990679392418
-4.9225527838174425, -1.724292896798041
-4.965310791683975, -1.620537505772802
-4.97876492807642, -1.5944551185054796
-4.994847084087611, -1.5766648226112983
-5.016088726744063, -1.562512820670137
-5.040120525719161, -1.5542218539147072
-5.076406593499709, -1.5448351058749683
-5.111674299469365, -1.5301496153944276
-5.146767298031722, -1.5089617056770497
-5.168190616667206, -1.4964501480886607
-5.19283601922943, -1.489425225890213
-5.21670503671006, -1.488722742261374
-5.2415261028194156, -1.4942150616880523
-5.334956119239814, -1.5295529360184694
-5.4400107689972135, -1.569304902916345
-5.538472594554085, -1.6065702936634458
-5.636934420110957, -1.6438356844105448
-5.741792387879209, -1.6835218584148381
-5.840259932431874, -1.7207721208122995
-5.88353341632022, -1.7346856489374747
-5.921216836436055, -1.7416223027911748
-5.962049985183494, -1.743996522927252
-6.000283975359357, -1.7414861485036037
-6.040556587064588, -1.7337685286992148
-6.0769109255899645, -1.7219954970284945
-6.177041374378705, -1.6818771417980662
-6.216046411066589, -1.6640867224488656
-6.248656245086855, -1.643968163317459
-6.280546113344563, -1.61835539970488
-6.307230617227195, -1.5908583204206546
-6.331934295585354, -1.5581296150732202
-6.386686374012589, -1.473592952019361
-6.447695804330052, -1.3794054874104573
-6.469290431171725, -1.3423707682140646
-6.485179575078974, -1.3046810713402455
-6.495206114858835, -1.2677102511709903
-6.499835560158245, -1.2296846640350843
-6.498710631226549, -1.1887068751908367
-6.498386012924129, -1.1638997686955617
-6.500652745119946, -1.1240030550182136
-6.4972103872984635, -1.0857477339720323
-6.488341393624221, -1.0484819791531266
-6.473092957656709, -1.0105415697566442
-6.454049260574803, -0.9772929593849166
-6.394216769199543, -0.8875396188028929
-6.335819150767412, -0.7999430515129491
-6.273560418177994, -0.7065766713267367
-6.248195567427657, -0.6721430659792513
-6.219830227212932, -0.6425314985993847
-6.190112537687685, -0.6183442796485623
-6.1554403460353395, -0.5966457248713902
-6.120701344920835, -0.5804794924495158
-6.081672015908946, -0.5679032426092924
-6.044131678087531, -0.560763902221858
-6.0031954959894245, -0.5585993165826227
-5.978442711579318, -0.5569227226419993
-5.955607077439044, -0.5495975868426771
-5.933960833291707, -0.536072347688063
-5.857686288137727, -0.4715732978090066
-5.772084967664949, -0.3991674986979965
-5.691705169513073, -0.3311783194957979
-5.605950845882667, -0.25863251130129367
-5.52557104773078, -0.19064333209908635
-5.445191249578892, -0.12265415289687978
-5.359589929106126, -0.05024835378587802
-5.279210130954239, 0.017740825416329743
-5.239840654797466, 0.04841767555752252
-5.206788413304767, 0.06780080513522524
-5.169220768831955, 0.08397635642403654
-5.132426166466526, 0.09466785285749381
-5.091938154383775, 0.10116087237071048
-5.067467140964435, 0.10582955924340902
-5.031366827117887, 0.11551558429407913
-4.990854448234238, 0.12023690197512653
-4.952464939774249, 0.11898765732845155
-4.912345640144508, 0.11164156518149221
-4.876002097629091, 0.09921320962057548
-4.841629270520994, 0.08204997744616117
-4.752941654624736, 0.029066600777485477
-4.715248487815025, 0.0038472560478836964
-4.636092539491942, -0.05843095042630704
-4.553358546695036, -0.12353491201696597
-4.465091648003465, -0.19300182250788514
-4.4326795832145205, -0.22106183244081026
-4.405530481266007, -0.2515161537502863
-4.383695703748718, -0.28312826410104636
-4.364785910172578, -0.3193967084336629
-4.35140107012008, -0.3552994782758102
-4.32069260191576, -0.45859630920345884
-4.309976127635855, -0.4859181617201049
-4.295795039137618, -0.5052579439604105
-4.221543234588564, -0.5820679398538199
-4.148362651627922, -0.6577517534182664
-4.1249258640863244, -0.6778681849327997
-4.103348222510298, -0.6880958740394477
-4.078204508028368, -0.6930499543186411
-3.9785474568820693, -0.6981208612875274
-3.866471228098748, -0.7038083931628187
-3.7613285264436684, -0.7091422899658055
-3.656186242848219, -0.714484383432985
-3.5440071564704856, -0.7201894883993899
-3.438968148529128, -0.7255222054396453
